Imagen  1
./433B/BestPnsrden15_P433Blamb0/BestPnsrden15_P433B_0kodim1.png
./433B/BestPnsrden15_P433Blamb0/BestIMGP433B_0kodim1.png
./421/BestPnsrden15_P421lamb0.03/BestPnsrden15_P421_0.03kodim1.png
./421/BestPnsrden15_P421lamb0.03/BestIMGP421_0.03kodim1.png
./431C/BestPnsrden15_P431Clamb0.03/BestPnsrden15_P431C_0.03kodim1.png
./431C/BestPnsrden15_P431Clamb0.03/BestIMGP431C_0.03kodim1.png
./431B/BestPnsrden15_P431Blamb0.01/BestPnsrden15_P431B_0.01kodim1.png
./431B/BestPnsrden15_P431Blamb0.01/BestIMGP431B_0.01kodim1.png
First 
valPSNR [24.639888125827774, 31.385743470550054, 31.580970239848476, 31.626063396042294, 31.67670290813881]
valMax 31.67670290813881 pos 5
Parches valPSNR [24.639888125827774, 31.385743470550054, 31.580970239848476, 31.626063396042294, 31.67670290813881]
valMax 31.67670290813881 pos 5
valPSNR [24.819810638224485, 30.653689411378174, 30.956814693959117, 30.962798628749226, 30.993185211704926]
valMax 30.993185211704926 pos 5
Parche 
 valPSNR [24.795242654779823, 30.674756997459205, 30.897065981426557, 30.897594109702425, 30.995332856901783]
valMax 30.995332856901783 pos 5
shape 97 97 3
shape 510 766 3
shape 510 766 3
shape 510 766 3
shape 510 766 3
shape 510 766 3
shape 510 766 3
[(1, 111), (428, 174), (333, 297)]
(1, 111) (1, 181)
(1, 111) (1, 181)
(1, 111) (1, 181)
(1, 111) (34, 172)
(1, 111) (-7, 180)
(1, 111) (-68, 96)
(1, 111) (-22, 177)
(1, 111) (-28, 174)
(1, 111) (-44, 164)
(1, 111) (1, 181)
(1, 111) (-13, 179)
(1, 111) (-24, 176)
(1, 111) (11, 180)
(1, 111) (8, 180)
(1, 111) (-16, 178)
(1, 111) (-9, 180)
(1, 111) (-24, 176)
(1, 111) (-22, 177)
(428, 174) (418, 243)
(428, 174) (408, 241)
(428, 174) (428, 244)
(428, 174) (421, 243)
(428, 174) (362, 199)
(428, 174) (378, 223)
(428, 174) (366, 206)
(428, 174) (361, 197)
(428, 174) (361, 197)
(428, 174) (378, 223)
(428, 174) (382, 227)
(428, 174) (394, 235)
(428, 174) (374, 219)
(428, 174) (369, 212)
(428, 174) (369, 212)
(428, 174) (361, 196)
(428, 174) (361, 194)
(428, 174) (358, 184)
(333, 297) (403, 297)
(333, 297) (403, 297)
(333, 297) (403, 297)
(333, 297) (278, 253)
(333, 297) (394, 329)
(333, 297) (290, 241)
(333, 297) (283, 247)
(333, 297) (333, 297)
(333, 297) (382, 346)
(333, 297) (382, 346)
(333, 297) (382, 346)
(333, 297) (382, 346)
(333, 297) (333, 297)
(333, 297) (333, 367)
(333, 297) (283, 346)
(333, 297) (333, 367)
(333, 297) (333, 367)
(333, 297) (333, 297)
Best 
 valPSNR [24.639888125827774, 31.385743470550054, 31.580970239848476, 31.626063396042294, 31.67670290813881]
valMax 31.67670290813881 pos 5
Imagen  2
./433B/BestPnsrden15_P433Blamb0/BestPnsrden15_P433B_0kodim2.png
./433B/BestPnsrden15_P433Blamb0/BestIMGP433B_0kodim2.png
./421/BestPnsrden15_P421lamb0.03/BestPnsrden15_P421_0.03kodim2.png
./421/BestPnsrden15_P421lamb0.03/BestIMGP421_0.03kodim2.png
./431C/BestPnsrden15_P431Clamb0.03/BestPnsrden15_P431C_0.03kodim2.png
./431C/BestPnsrden15_P431Clamb0.03/BestIMGP431C_0.03kodim2.png
./431B/BestPnsrden15_P431Blamb0.01/BestPnsrden15_P431B_0.01kodim2.png
./431B/BestPnsrden15_P431Blamb0.01/BestIMGP431B_0.01kodim2.png
First 
valPSNR [24.752746515150005, 34.05113330913136, 34.238545191295515, 34.369887033642115, 34.399764724631254]
valMax 34.399764724631254 pos 5
Parches valPSNR [24.752746515150005, 34.05113330913136, 34.238545191295515, 34.369887033642115, 34.399764724631254]
valMax 34.399764724631254 pos 5
valPSNR [24.901652340163928, 32.729953264591366, 33.01896772026033, 33.136634364746065, 33.108327524421426]
valMax 33.136634364746065 pos 4
Parche 
 valPSNR [24.867438024392502, 35.570317751915695, 35.516125029259044, 35.7751618970802, 35.8994212860912]
valMax 35.8994212860912 pos 5
shape 97 97 3
shape 510 766 3
shape 510 766 3
shape 510 766 3
shape 510 766 3
shape 510 766 3
shape 510 766 3
[(300, 529), (89, 319), (104, 631)]
(300, 529) (250, 479)
(300, 529) (239, 492)
(300, 529) (230, 529)
(300, 529) (366, 549)
(300, 529) (256, 474)
(300, 529) (334, 590)
(300, 529) (325, 593)
(300, 529) (325, 593)
(300, 529) (353, 573)
(300, 529) (366, 551)
(300, 529) (362, 560)
(300, 529) (362, 560)
(300, 529) (300, 599)
(300, 529) (349, 578)
(300, 529) (349, 578)
(300, 529) (349, 578)
(300, 529) (338, 587)
(300, 529) (358, 567)
(89, 319) (39, 269)
(89, 319) (26, 287)
(89, 319) (89, 249)
(89, 319) (158, 307)
(89, 319) (33, 361)
(89, 319) (142, 364)
(89, 319) (138, 368)
(89, 319) (138, 368)
(89, 319) (158, 307)
(89, 319) (21, 302)
(89, 319) (19, 319)
(89, 319) (159, 319)
(89, 319) (30, 280)
(89, 319) (39, 269)
(89, 319) (143, 275)
(89, 319) (39, 269)
(89, 319) (89, 249)
(89, 319) (145, 277)
(104, 631) (135, 693)
(104, 631) (123, 698)
(104, 631) (34, 631)
(104, 631) (130, 695)
(104, 631) (171, 611)
(104, 631) (96, 700)
(104, 631) (48, 673)
(104, 631) (41, 662)
(104, 631) (36, 647)
(104, 631) (34, 631)
(104, 631) (36, 614)
(104, 631) (104, 701)
(104, 631) (34, 623)
(104, 631) (34, 631)
(104, 631) (35, 615)
(104, 631) (54, 680)
(104, 631) (54, 680)
(104, 631) (34, 631)
Best 
 valPSNR [24.752746515150005, 34.05113330913136, 34.238545191295515, 34.369887033642115, 34.399764724631254]
valMax 34.399764724631254 pos 5
Imagen  3
./433B/BestPnsrden15_P433Blamb0/BestPnsrden15_P433B_0kodim3.png
./433B/BestPnsrden15_P433Blamb0/BestIMGP433B_0kodim3.png
./421/BestPnsrden15_P421lamb0.03/BestPnsrden15_P421_0.03kodim3.png
./421/BestPnsrden15_P421lamb0.03/BestIMGP421_0.03kodim3.png
./431C/BestPnsrden15_P431Clamb0.03/BestPnsrden15_P431C_0.03kodim3.png
./431C/BestPnsrden15_P431Clamb0.03/BestIMGP431C_0.03kodim3.png
./431B/BestPnsrden15_P431Blamb0.01/BestPnsrden15_P431B_0.01kodim3.png
./431B/BestPnsrden15_P431Blamb0.01/BestIMGP431B_0.01kodim3.png
First 
valPSNR [24.692462069825822, 35.80774516386707, 36.10946789854089, 36.12526975392321, 36.119603727580035]
valMax 36.12526975392321 pos 4
Parches valPSNR [24.692462069825822, 35.80774516386707, 36.10946789854089, 36.12526975392321, 36.119603727580035]
valMax 36.12526975392321 pos 4
valPSNR [24.88457899166352, 34.51472631344317, 35.086663880978875, 35.14411174215327, 35.111797839412894]
valMax 35.14411174215327 pos 4
Parche 
 valPSNR [24.74381855828196, 35.66616355258464, 35.756043637709894, 35.65434054098723, 35.824227318593074]
valMax 35.824227318593074 pos 5
shape 97 97 3
shape 510 766 3
shape 510 766 3
shape 510 766 3
shape 510 766 3
shape 510 766 3
shape 510 766 3
[(180, 32), (106, 692), (97, 70)]
(180, 32) (245, 55)
(180, 32) (245, 55)
(180, 32) (245, 55)
(180, 32) (249, 41)
(180, 32) (202, 98)
(180, 32) (225, -22)
(180, 32) (233, -13)
(180, 32) (214, -29)
(180, 32) (233, -14)
(180, 32) (248, 45)
(180, 32) (246, 54)
(180, 32) (246, 9)
(180, 32) (238, -7)
(180, 32) (238, -7)
(180, 32) (229, -18)
(180, 32) (249, 23)
(180, 32) (247, 12)
(180, 32) (244, 4)
(106, 692) (74, 754)
(106, 692) (74, 754)
(106, 692) (43, 723)
(106, 692) (61, 638)
(106, 692) (100, 761)
(106, 692) (74, 629)
(106, 692) (36, 692)
(106, 692) (56, 741)
(106, 692) (74, 754)
(106, 692) (106, 762)
(106, 692) (56, 741)
(106, 692) (106, 762)
(106, 692) (36, 692)
(106, 692) (106, 692)
(106, 692) (106, 692)
(106, 692) (137, 754)
(106, 692) (137, 754)
(106, 692) (137, 754)
(97, 70) (55, 126)
(97, 70) (47, 119)
(97, 70) (49, 121)
(97, 70) (27, 74)
(97, 70) (100, 139)
(97, 70) (132, 130)
(97, 70) (47, 119)
(97, 70) (51, 123)
(97, 70) (52, 123)
(97, 70) (55, 126)
(97, 70) (50, 122)
(97, 70) (73, 135)
(97, 70) (87, 139)
(97, 70) (69, 134)
(97, 70) (74, 136)
(97, 70) (74, 136)
(97, 70) (84, 138)
(97, 70) (83, 138)
Best 
 valPSNR [24.692462069825822, 35.80774516386707, 36.10946789854089, 36.12526975392321, 36.119603727580035]
valMax 36.12526975392321 pos 4
Imagen  4
./433B/BestPnsrden15_P433Blamb0/BestPnsrden15_P433B_0kodim4.png
./433B/BestPnsrden15_P433Blamb0/BestIMGP433B_0kodim4.png
./421/BestPnsrden15_P421lamb0.03/BestPnsrden15_P421_0.03kodim4.png
./421/BestPnsrden15_P421lamb0.03/BestIMGP421_0.03kodim4.png
./431C/BestPnsrden15_P431Clamb0.03/BestPnsrden15_P431C_0.03kodim4.png
./431C/BestPnsrden15_P431Clamb0.03/BestIMGP431C_0.03kodim4.png
./431B/BestPnsrden15_P431Blamb0.01/BestPnsrden15_P431B_0.01kodim4.png
./431B/BestPnsrden15_P431Blamb0.01/BestIMGP431B_0.01kodim4.png
First 
valPSNR [24.657113128419105, 34.163031893887364, 34.29445894514501, 34.36498753933276, 34.44072942348792]
valMax 34.44072942348792 pos 5
Parches valPSNR [24.657113128419105, 34.163031893887364, 34.29445894514501, 34.36498753933276, 34.44072942348792]
valMax 34.44072942348792 pos 5
valPSNR [24.82101814018867, 30.733562224637495, 31.028872500049083, 31.1403562466738, 31.16030910360891]
valMax 31.16030910360891 pos 5
Parche 
 valPSNR [24.814803346456532, 35.15035252746519, 35.14186582870822, 35.12427597743926, 35.327764618425014]
valMax 35.327764618425014 pos 5
shape 97 97 3
shape 766 510 3
shape 766 510 3
shape 766 510 3
shape 766 510 3
shape 766 510 3
shape 766 510 3
[(42, 119), (296, 250), (229, 291)]
(42, 119) (42, 119)
(42, 119) (42, 119)
(42, 119) (42, 119)
(42, 119) (111, 110)
(42, 119) (105, 90)
(42, 119) (-14, 76)
(42, 119) (-8, 69)
(42, 119) (-8, 69)
(42, 119) (91, 69)
(42, 119) (-8, 69)
(42, 119) (42, 119)
(42, 119) (42, 49)
(42, 119) (-8, 69)
(42, 119) (10, 56)
(42, 119) (10, 56)
(42, 119) (-25, 96)
(42, 119) (-25, 96)
(42, 119) (-17, 80)
(296, 250) (233, 281)
(296, 250) (246, 299)
(296, 250) (246, 299)
(296, 250) (237, 211)
(296, 250) (234, 216)
(296, 250) (262, 311)
(296, 250) (246, 299)
(296, 250) (237, 288)
(296, 250) (279, 317)
(296, 250) (233, 281)
(296, 250) (233, 281)
(296, 250) (246, 299)
(296, 250) (296, 320)
(296, 250) (296, 320)
(296, 250) (246, 299)
(296, 250) (296, 320)
(296, 250) (296, 320)
(296, 250) (246, 299)
(229, 291) (257, 354)
(229, 291) (252, 356)
(229, 291) (260, 353)
(229, 291) (274, 344)
(229, 291) (169, 254)
(229, 291) (254, 356)
(229, 291) (265, 351)
(229, 291) (256, 355)
(229, 291) (251, 357)
(229, 291) (229, 361)
(229, 291) (206, 357)
(229, 291) (197, 353)
(229, 291) (229, 361)
(229, 291) (278, 340)
(229, 291) (229, 361)
(229, 291) (265, 351)
(229, 291) (271, 347)
(229, 291) (265, 351)
Best 
 valPSNR [24.657113128419105, 34.163031893887364, 34.29445894514501, 34.36498753933276, 34.44072942348792]
valMax 34.44072942348792 pos 5
Imagen  5
./433B/BestPnsrden15_P433Blamb0/BestPnsrden15_P433B_0kodim5.png
./433B/BestPnsrden15_P433Blamb0/BestIMGP433B_0kodim5.png
./421/BestPnsrden15_P421lamb0.03/BestPnsrden15_P421_0.03kodim5.png
./421/BestPnsrden15_P421lamb0.03/BestIMGP421_0.03kodim5.png
./431C/BestPnsrden15_P431Clamb0.03/BestPnsrden15_P431C_0.03kodim5.png
./431C/BestPnsrden15_P431Clamb0.03/BestIMGP431C_0.03kodim5.png
./431B/BestPnsrden15_P431Blamb0.01/BestPnsrden15_P431B_0.01kodim5.png
./431B/BestPnsrden15_P431Blamb0.01/BestIMGP431B_0.01kodim5.png
First 
valPSNR [24.771461167889953, 31.77227154562463, 31.858105497750458, 31.893968635292623, 31.99369570336585]
valMax 31.99369570336585 pos 5
Parches valPSNR [24.771461167889953, 31.77227154562463, 31.858105497750458, 31.893968635292623, 31.99369570336585]
valMax 31.99369570336585 pos 5
valPSNR [24.922042242640966, 31.10986450669771, 31.152900455150572, 31.157354801994153, 31.18481875810768]
valMax 31.18481875810768 pos 5
Parche 
 valPSNR [24.949308558868356, 31.447155286953045, 31.710444674176536, 31.67150099205701, 31.780900227574204]
valMax 31.780900227574204 pos 5
shape 97 97 3
shape 510 766 3
shape 510 766 3
shape 510 766 3
shape 510 766 3
shape 510 766 3
shape 510 766 3
[(423, 750), (498, 447), (289, 695)]
(423, 750) (427, 819)
(423, 750) (432, 819)
(423, 750) (427, 819)
(423, 750) (474, 797)
(423, 750) (398, 815)
(423, 750) (435, 818)
(423, 750) (427, 819)
(423, 750) (437, 818)
(423, 750) (437, 818)
(423, 750) (436, 818)
(423, 750) (472, 799)
(423, 750) (483, 786)
(423, 750) (418, 819)
(423, 750) (413, 819)
(423, 750) (423, 820)
(423, 750) (447, 815)
(423, 750) (454, 812)
(423, 750) (459, 809)
(498, 447) (513, 515)
(498, 447) (503, 516)
(498, 447) (503, 516)
(498, 447) (449, 497)
(498, 447) (433, 419)
(498, 447) (531, 508)
(498, 447) (469, 510)
(498, 447) (473, 512)
(498, 447) (464, 508)
(498, 447) (503, 516)
(498, 447) (503, 516)
(498, 447) (508, 516)
(498, 447) (493, 516)
(498, 447) (486, 516)
(498, 447) (478, 514)
(498, 447) (471, 511)
(498, 447) (474, 512)
(498, 447) (472, 512)
(289, 695) (289, 765)
(289, 695) (289, 765)
(289, 695) (289, 765)
(289, 695) (232, 653)
(289, 695) (345, 737)
(289, 695) (219, 699)
(289, 695) (355, 717)
(289, 695) (359, 695)
(289, 695) (359, 695)
(289, 695) (289, 625)
(289, 695) (359, 695)
(289, 695) (338, 645)
(289, 695) (289, 695)
(289, 695) (338, 744)
(289, 695) (289, 695)
(289, 695) (239, 645)
(289, 695) (230, 656)
(289, 695) (230, 656)
Best 
 valPSNR [24.771461167889953, 31.77227154562463, 31.858105497750458, 31.893968635292623, 31.99369570336585]
valMax 31.99369570336585 pos 5
Imagen  6
./433B/BestPnsrden15_P433Blamb0/BestPnsrden15_P433B_0kodim6.png
./433B/BestPnsrden15_P433Blamb0/BestIMGP433B_0kodim6.png
./421/BestPnsrden15_P421lamb0.03/BestPnsrden15_P421_0.03kodim6.png
./421/BestPnsrden15_P421lamb0.03/BestIMGP421_0.03kodim6.png
./431C/BestPnsrden15_P431Clamb0.03/BestPnsrden15_P431C_0.03kodim6.png
./431C/BestPnsrden15_P431Clamb0.03/BestIMGP431C_0.03kodim6.png
./431B/BestPnsrden15_P431Blamb0.01/BestPnsrden15_P431B_0.01kodim6.png
./431B/BestPnsrden15_P431Blamb0.01/BestIMGP431B_0.01kodim6.png
First 
valPSNR [24.763775305796017, 32.385068287893674, 32.5340812478234, 32.53691322577337, 32.600181655995854]
valMax 32.600181655995854 pos 5
Parches valPSNR [24.763775305796017, 32.385068287893674, 32.5340812478234, 32.53691322577337, 32.600181655995854]
valMax 32.600181655995854 pos 5
valPSNR [24.933612133066045, 30.085847065450064, 30.354826150559745, 30.323123074379428, 30.330756914364045]
valMax 30.354826150559745 pos 3
Parche 
 valPSNR [24.816436047468624, 34.723142921635244, 34.80416142511732, 34.810734986533156, 34.932900994033474]
valMax 34.932900994033474 pos 5
shape 97 97 3
shape 510 766 3
shape 510 766 3
shape 510 766 3
shape 510 766 3
shape 510 766 3
shape 510 766 3
[(329, 653), (306, 87), (198, 64)]
(329, 653) (391, 684)
(329, 653) (390, 686)
(329, 653) (395, 675)
(329, 653) (326, 722)
(329, 653) (386, 693)
(329, 653) (398, 662)
(329, 653) (357, 716)
(329, 653) (366, 712)
(329, 653) (367, 711)
(329, 653) (358, 716)
(329, 653) (365, 713)
(329, 653) (354, 717)
(329, 653) (376, 704)
(329, 653) (376, 704)
(329, 653) (378, 702)
(329, 653) (381, 699)
(329, 653) (390, 686)
(329, 653) (390, 686)
(306, 87) (311, 17)
(306, 87) (309, 17)
(306, 87) (309, 17)
(306, 87) (238, 66)
(306, 87) (292, 18)
(306, 87) (282, 21)
(306, 87) (286, 19)
(306, 87) (266, 29)
(306, 87) (267, 28)
(306, 87) (309, 17)
(306, 87) (324, 19)
(306, 87) (300, 17)
(306, 87) (312, 17)
(306, 87) (314, 17)
(306, 87) (317, 17)
(306, 87) (283, 20)
(306, 87) (285, 20)
(306, 87) (283, 20)
(198, 64) (170, 128)
(198, 64) (170, 128)
(198, 64) (166, 126)
(198, 64) (140, 24)
(198, 64) (231, 2)
(198, 64) (266, 47)
(198, 64) (192, -6)
(198, 64) (207, -6)
(198, 64) (221, -2)
(198, 64) (177, -3)
(198, 64) (198, -6)
(198, 64) (193, -6)
(198, 64) (202, -6)
(198, 64) (207, -6)
(198, 64) (206, -6)
(198, 64) (207, -6)
(198, 64) (206, -6)
(198, 64) (214, -5)
Best 
 valPSNR [24.763775305796017, 32.385068287893674, 32.5340812478234, 32.53691322577337, 32.600181655995854]
valMax 32.600181655995854 pos 5
Imagen  7
./433B/BestPnsrden15_P433Blamb0/BestPnsrden15_P433B_0kodim7.png
./433B/BestPnsrden15_P433Blamb0/BestIMGP433B_0kodim7.png
./421/BestPnsrden15_P421lamb0.03/BestPnsrden15_P421_0.03kodim7.png
./421/BestPnsrden15_P421lamb0.03/BestIMGP421_0.03kodim7.png
./431C/BestPnsrden15_P431Clamb0.03/BestPnsrden15_P431C_0.03kodim7.png
./431C/BestPnsrden15_P431Clamb0.03/BestIMGP431C_0.03kodim7.png
./431B/BestPnsrden15_P431Blamb0.01/BestPnsrden15_P431B_0.01kodim7.png
./431B/BestPnsrden15_P431Blamb0.01/BestIMGP431B_0.01kodim7.png
First 
valPSNR [24.659404135413403, 35.52422253621859, 35.697946453863196, 35.719499040641956, 35.83595713559027]
valMax 35.83595713559027 pos 5
Parches valPSNR [24.659404135413403, 35.52422253621859, 35.697946453863196, 35.719499040641956, 35.83595713559027]
valMax 35.83595713559027 pos 5
valPSNR [24.875220357201716, 36.52230650916203, 35.72633159272178, 36.00194577708143, 36.217345009079914]
valMax 36.52230650916203 pos 2
Parche 
 valPSNR [24.77841721462292, 39.415527427167774, 39.67477977758604, 39.63517609004892, 39.90047400450008]
valMax 39.90047400450008 pos 5
shape 97 97 3
shape 510 766 3
shape 510 766 3
shape 510 766 3
shape 510 766 3
shape 510 766 3
shape 510 766 3
[(410, 628), (7, 587), (282, 456)]
(410, 628) (349, 664)
(410, 628) (368, 684)
(410, 628) (405, 697)
(410, 628) (342, 647)
(410, 628) (448, 686)
(410, 628) (344, 604)
(410, 628) (410, 698)
(410, 628) (398, 697)
(410, 628) (415, 697)
(410, 628) (472, 659)
(410, 628) (476, 650)
(410, 628) (463, 672)
(410, 628) (378, 690)
(410, 628) (347, 659)
(410, 628) (398, 697)
(410, 628) (480, 628)
(410, 628) (476, 650)
(410, 628) (453, 682)
(7, 587) (7, 587)
(7, 587) (7, 587)
(7, 587) (7, 587)
(7, 587) (40, 525)
(7, 587) (70, 615)
(7, 587) (75, 571)
(7, 587) (77, 587)
(7, 587) (7, 517)
(7, 587) (77, 587)
(7, 587) (77, 587)
(7, 587) (56, 636)
(7, 587) (56, 636)
(7, 587) (77, 587)
(7, 587) (77, 587)
(7, 587) (77, 587)
(7, 587) (77, 587)
(7, 587) (77, 587)
(7, 587) (56, 537)
(282, 456) (244, 515)
(282, 456) (266, 524)
(282, 456) (266, 524)
(282, 456) (314, 518)
(282, 456) (284, 386)
(282, 456) (328, 508)
(282, 456) (318, 516)
(282, 456) (334, 502)
(282, 456) (307, 520)
(282, 456) (314, 517)
(282, 456) (318, 515)
(282, 456) (295, 524)
(282, 456) (314, 517)
(282, 456) (322, 512)
(282, 456) (310, 520)
(282, 456) (309, 520)
(282, 456) (316, 516)
(282, 456) (292, 525)
Best 
 valPSNR [24.659404135413403, 35.52422253621859, 35.697946453863196, 35.719499040641956, 35.83595713559027]
valMax 35.83595713559027 pos 5
Imagen  8
./433B/BestPnsrden15_P433Blamb0/BestPnsrden15_P433B_0kodim8.png
./433B/BestPnsrden15_P433Blamb0/BestIMGP433B_0kodim8.png
./421/BestPnsrden15_P421lamb0.03/BestPnsrden15_P421_0.03kodim8.png
./421/BestPnsrden15_P421lamb0.03/BestIMGP421_0.03kodim8.png
./431C/BestPnsrden15_P431Clamb0.03/BestPnsrden15_P431C_0.03kodim8.png
./431C/BestPnsrden15_P431Clamb0.03/BestIMGP431C_0.03kodim8.png
./431B/BestPnsrden15_P431Blamb0.01/BestPnsrden15_P431B_0.01kodim8.png
./431B/BestPnsrden15_P431Blamb0.01/BestIMGP431B_0.01kodim8.png
First 
valPSNR [24.758342761236804, 31.47753960317853, 31.453706930809243, 31.501207145526244, 31.627970823496874]
valMax 31.627970823496874 pos 5
Parches valPSNR [24.758342761236804, 31.47753960317853, 31.453706930809243, 31.501207145526244, 31.627970823496874]
valMax 31.627970823496874 pos 5
valPSNR [24.844779408392533, 30.299973142175574, 30.567815163027507, 30.496353052653777, 30.630730585974618]
valMax 30.630730585974618 pos 5
Parche 
 valPSNR [24.935451663316577, 34.359689980142704, 34.290291999911894, 34.43910987429578, 34.59095382447798]
valMax 34.59095382447798 pos 5
shape 97 97 3
shape 510 766 3
shape 510 766 3
shape 510 766 3
shape 510 766 3
shape 510 766 3
shape 510 766 3
[(327, 57), (437, 76), (127, 538)]
(327, 57) (288, -2)
(327, 57) (290, -4)
(327, 57) (290, -4)
(327, 57) (291, -4)
(327, 57) (396, 62)
(327, 57) (305, -10)
(327, 57) (289, -3)
(327, 57) (304, -10)
(327, 57) (315, -13)
(327, 57) (343, -11)
(327, 57) (339, -12)
(327, 57) (333, -13)
(327, 57) (308, -11)
(327, 57) (315, -13)
(327, 57) (311, -12)
(327, 57) (318, -13)
(327, 57) (314, -12)
(327, 57) (314, -12)
(437, 76) (437, 146)
(437, 76) (437, 146)
(437, 76) (437, 146)
(437, 76) (370, 55)
(437, 76) (384, 29)
(437, 76) (493, 117)
(437, 76) (507, 76)
(437, 76) (499, 44)
(437, 76) (499, 44)
(437, 76) (504, 92)
(437, 76) (507, 76)
(437, 76) (503, 53)
(437, 76) (437, 6)
(437, 76) (437, 6)
(437, 76) (507, 76)
(437, 76) (507, 76)
(437, 76) (507, 76)
(437, 76) (503, 53)
(127, 538) (102, 603)
(127, 538) (105, 604)
(127, 538) (104, 604)
(127, 538) (86, 594)
(127, 538) (57, 528)
(127, 538) (57, 545)
(127, 538) (81, 591)
(127, 538) (113, 606)
(127, 538) (77, 587)
(127, 538) (95, 600)
(127, 538) (111, 606)
(127, 538) (84, 593)
(127, 538) (98, 601)
(127, 538) (115, 607)
(127, 538) (107, 605)
(127, 538) (65, 571)
(127, 538) (88, 596)
(127, 538) (75, 585)
Best 
 valPSNR [24.758342761236804, 31.47753960317853, 31.453706930809243, 31.501207145526244, 31.627970823496874]
valMax 31.627970823496874 pos 5
Imagen  9
./433B/BestPnsrden15_P433Blamb0/BestPnsrden15_P433B_0kodim9.png
./433B/BestPnsrden15_P433Blamb0/BestIMGP433B_0kodim9.png
./421/BestPnsrden15_P421lamb0.03/BestPnsrden15_P421_0.03kodim9.png
./421/BestPnsrden15_P421lamb0.03/BestIMGP421_0.03kodim9.png
./431C/BestPnsrden15_P431Clamb0.03/BestPnsrden15_P431C_0.03kodim9.png
./431C/BestPnsrden15_P431Clamb0.03/BestIMGP431C_0.03kodim9.png
./431B/BestPnsrden15_P431Blamb0.01/BestPnsrden15_P431B_0.01kodim9.png
./431B/BestPnsrden15_P431Blamb0.01/BestIMGP431B_0.01kodim9.png
First 
valPSNR [24.612348083654, 35.090156249697735, 35.5760950589193, 35.640867049617306, 35.64188749425813]
valMax 35.64188749425813 pos 5
Parches valPSNR [24.612348083654, 35.090156249697735, 35.5760950589193, 35.640867049617306, 35.64188749425813]
valMax 35.64188749425813 pos 5
valPSNR [24.766878818533833, 38.67053571825319, 39.753516263630836, 39.84418755000213, 39.71584317484726]
valMax 39.84418755000213 pos 4
Parche 
 valPSNR [24.854861737930353, 34.46459052144486, 34.637010674703795, 34.73814727460586, 34.860457019683196]
valMax 34.860457019683196 pos 5
shape 97 97 3
shape 766 510 3
shape 766 510 3
shape 766 510 3
shape 766 510 3
shape 766 510 3
shape 766 510 3
[(490, 468), (493, 356), (220, 26)]
(490, 468) (551, 434)
(490, 468) (546, 427)
(490, 468) (535, 414)
(490, 468) (556, 446)
(490, 468) (450, 410)
(490, 468) (524, 407)
(490, 468) (490, 398)
(490, 468) (490, 398)
(490, 468) (523, 406)
(490, 468) (512, 401)
(490, 468) (539, 418)
(490, 468) (520, 404)
(490, 468) (501, 398)
(490, 468) (521, 405)
(490, 468) (520, 404)
(490, 468) (514, 402)
(490, 468) (517, 403)
(490, 468) (523, 406)
(493, 356) (467, 291)
(493, 356) (461, 293)
(493, 356) (476, 288)
(493, 356) (506, 424)
(493, 356) (425, 337)
(493, 356) (455, 296)
(493, 356) (443, 405)
(493, 356) (430, 387)
(493, 356) (430, 387)
(493, 356) (443, 306)
(493, 356) (423, 356)
(493, 356) (443, 306)
(493, 356) (542, 405)
(493, 356) (493, 426)
(493, 356) (493, 356)
(493, 356) (461, 293)
(493, 356) (461, 293)
(493, 356) (461, 293)
(220, 26) (157, -6)
(220, 26) (183, -35)
(220, 26) (183, -35)
(220, 26) (281, 58)
(220, 26) (254, 86)
(220, 26) (281, -8)
(220, 26) (282, 57)
(220, 26) (290, 26)
(220, 26) (220, 26)
(220, 26) (220, -44)
(220, 26) (251, -37)
(220, 26) (220, -44)
(220, 26) (220, -44)
(220, 26) (220, -44)
(220, 26) (170, -24)
(220, 26) (220, -44)
(220, 26) (269, -24)
(220, 26) (220, -44)
Best 
 valPSNR [24.612348083654, 35.090156249697735, 35.5760950589193, 35.640867049617306, 35.64188749425813]
valMax 35.64188749425813 pos 5
Imagen  10
./433B/BestPnsrden15_P433Blamb0/BestPnsrden15_P433B_0kodim10.png
./433B/BestPnsrden15_P433Blamb0/BestIMGP433B_0kodim10.png
./421/BestPnsrden15_P421lamb0.03/BestPnsrden15_P421_0.03kodim10.png
./421/BestPnsrden15_P421lamb0.03/BestIMGP421_0.03kodim10.png
./431C/BestPnsrden15_P431Clamb0.03/BestPnsrden15_P431C_0.03kodim10.png
./431C/BestPnsrden15_P431Clamb0.03/BestIMGP431C_0.03kodim10.png
./431B/BestPnsrden15_P431Blamb0.01/BestPnsrden15_P431B_0.01kodim10.png
./431B/BestPnsrden15_P431Blamb0.01/BestIMGP431B_0.01kodim10.png
First 
valPSNR [24.633864830617842, 35.11032080745923, 35.28524376423412, 35.3133221842348, 35.42822318607024]
valMax 35.42822318607024 pos 5
Parches valPSNR [24.633864830617842, 35.11032080745923, 35.28524376423412, 35.3133221842348, 35.42822318607024]
valMax 35.42822318607024 pos 5
valPSNR [24.89317701070361, 36.75231485719206, 37.40570939218347, 37.214888166697136, 37.60553740172978]
valMax 37.60553740172978 pos 5
Parche 
 valPSNR [24.765080543919765, 34.90767190503253, 35.05149833033404, 35.03275619396649, 35.21005224971451]
valMax 35.21005224971451 pos 5
shape 97 97 3
shape 766 510 3
shape 766 510 3
shape 766 510 3
shape 766 510 3
shape 766 510 3
shape 766 510 3
[(521, 161), (174, 262), (292, 356)]
(521, 161) (559, 102)
(521, 161) (498, 94)
(521, 161) (521, 91)
(521, 161) (499, 94)
(521, 161) (498, 94)
(521, 161) (549, 224)
(521, 161) (471, 111)
(521, 161) (521, 91)
(521, 161) (451, 161)
(521, 161) (482, 102)
(521, 161) (498, 94)
(521, 161) (482, 102)
(521, 161) (454, 138)
(521, 161) (454, 138)
(521, 161) (471, 111)
(521, 161) (462, 122)
(521, 161) (462, 122)
(521, 161) (465, 119)
(174, 262) (174, 192)
(174, 262) (174, 192)
(174, 262) (174, 192)
(174, 262) (234, 297)
(174, 262) (241, 281)
(174, 262) (183, 192)
(174, 262) (104, 262)
(174, 262) (223, 212)
(174, 262) (174, 192)
(174, 262) (244, 262)
(174, 262) (174, 192)
(174, 262) (174, 192)
(174, 262) (174, 192)
(174, 262) (174, 192)
(174, 262) (174, 192)
(174, 262) (174, 262)
(174, 262) (174, 192)
(174, 262) (174, 192)
(292, 356) (250, 300)
(292, 356) (255, 295)
(292, 356) (250, 300)
(292, 356) (354, 387)
(292, 356) (226, 381)
(292, 356) (359, 374)
(292, 356) (341, 405)
(292, 356) (341, 405)
(292, 356) (323, 418)
(292, 356) (354, 324)
(292, 356) (352, 319)
(292, 356) (362, 356)
(292, 356) (260, 418)
(292, 356) (323, 418)
(292, 356) (292, 426)
(292, 356) (341, 405)
(292, 356) (350, 394)
(292, 356) (341, 405)
Best 
 valPSNR [24.633864830617842, 35.11032080745923, 35.28524376423412, 35.3133221842348, 35.42822318607024]
valMax 35.42822318607024 pos 5
Imagen  11
./433B/BestPnsrden15_P433Blamb0/BestPnsrden15_P433B_0kodim11.png
./433B/BestPnsrden15_P433Blamb0/BestIMGP433B_0kodim11.png
./421/BestPnsrden15_P421lamb0.03/BestPnsrden15_P421_0.03kodim11.png
./421/BestPnsrden15_P421lamb0.03/BestIMGP421_0.03kodim11.png
./431C/BestPnsrden15_P431Clamb0.03/BestPnsrden15_P431C_0.03kodim11.png
./431C/BestPnsrden15_P431Clamb0.03/BestIMGP431C_0.03kodim11.png
./431B/BestPnsrden15_P431Blamb0.01/BestPnsrden15_P431B_0.01kodim11.png
./431B/BestPnsrden15_P431Blamb0.01/BestIMGP431B_0.01kodim11.png
First 
valPSNR [24.74949080873454, 32.96966882301225, 33.15986506404451, 33.2751516168637, 33.21445201369888]
valMax 33.2751516168637 pos 4
Parches valPSNR [24.74949080873454, 32.96966882301225, 33.15986506404451, 33.2751516168637, 33.21445201369888]
valMax 33.2751516168637 pos 4
valPSNR [24.940231493911426, 30.841263762953908, 31.160831357876077, 31.22935528156262, 31.084236248954333]
valMax 31.22935528156262 pos 4
Parche 
 valPSNR [24.75522719505483, 33.18166858264882, 33.192289853159586, 33.2748394932461, 33.256253281073725]
valMax 33.2748394932461 pos 4
shape 97 97 3
shape 510 766 3
shape 510 766 3
shape 510 766 3
shape 510 766 3
shape 510 766 3
shape 510 766 3
[(41, 162), (379, 404), (197, 120)]
(41, 162) (111, 162)
(41, 162) (111, 162)
(41, 162) (111, 162)
(41, 162) (7, 100)
(41, 162) (77, 221)
(41, 162) (-18, 200)
(41, 162) (90, 211)
(41, 162) (90, 211)
(41, 162) (41, 232)
(41, 162) (41, 162)
(41, 162) (41, 162)
(41, 162) (41, 232)
(41, 162) (90, 211)
(41, 162) (111, 162)
(41, 162) (90, 211)
(41, 162) (41, 162)
(41, 162) (41, 162)
(41, 162) (41, 232)
(379, 404) (342, 343)
(379, 404) (372, 334)
(379, 404) (370, 334)
(379, 404) (383, 473)
(379, 404) (448, 411)
(379, 404) (355, 337)
(379, 404) (441, 372)
(379, 404) (445, 381)
(379, 404) (433, 360)
(379, 404) (428, 453)
(379, 404) (441, 372)
(379, 404) (435, 362)
(379, 404) (446, 420)
(379, 404) (446, 387)
(379, 404) (441, 372)
(379, 404) (417, 462)
(379, 404) (445, 426)
(379, 404) (446, 387)
(197, 120) (251, 163)
(197, 120) (253, 162)
(197, 120) (253, 162)
(197, 120) (261, 148)
(197, 120) (228, 182)
(197, 120) (232, 180)
(197, 120) (228, 182)
(197, 120) (228, 182)
(197, 120) (267, 120)
(197, 120) (197, 190)
(197, 120) (197, 190)
(197, 120) (267, 120)
(197, 120) (246, 169)
(197, 120) (264, 136)
(197, 120) (259, 151)
(197, 120) (246, 169)
(197, 120) (246, 169)
(197, 120) (219, 186)
Best 
 valPSNR [24.74949080873454, 32.96966882301225, 33.15986506404451, 33.2751516168637, 33.21445201369888]
valMax 33.2751516168637 pos 4
Imagen  12
./433B/BestPnsrden15_P433Blamb0/BestPnsrden15_P433B_0kodim12.png
./433B/BestPnsrden15_P433Blamb0/BestIMGP433B_0kodim12.png
./421/BestPnsrden15_P421lamb0.03/BestPnsrden15_P421_0.03kodim12.png
./421/BestPnsrden15_P421lamb0.03/BestIMGP421_0.03kodim12.png
./431C/BestPnsrden15_P431Clamb0.03/BestPnsrden15_P431C_0.03kodim12.png
./431C/BestPnsrden15_P431Clamb0.03/BestIMGP431C_0.03kodim12.png
./431B/BestPnsrden15_P431Blamb0.01/BestPnsrden15_P431B_0.01kodim12.png
./431B/BestPnsrden15_P431Blamb0.01/BestIMGP431B_0.01kodim12.png
First 
valPSNR [24.672968890224595, 34.744759950583294, 35.07505796801944, 35.18481181599399, 35.149218450614114]
valMax 35.18481181599399 pos 4
Parches valPSNR [24.672968890224595, 34.744759950583294, 35.07505796801944, 35.18481181599399, 35.149218450614114]
valMax 35.18481181599399 pos 4
valPSNR [24.826916427286903, 33.066974201035734, 33.709420452030656, 33.891692133639225, 33.6319154864981]
valMax 33.891692133639225 pos 4
Parche 
 valPSNR [24.685490862592268, 35.93275046861442, 36.17781918631104, 36.299648789803804, 36.30871142947139]
valMax 36.30871142947139 pos 5
shape 97 97 3
shape 510 766 3
shape 510 766 3
shape 510 766 3
shape 510 766 3
shape 510 766 3
shape 510 766 3
[(412, 695), (374, 211), (36, 55)]
(412, 695) (412, 625)
(412, 695) (412, 625)
(412, 695) (412, 625)
(412, 695) (454, 751)
(412, 695) (444, 757)
(412, 695) (463, 742)
(412, 695) (450, 753)
(412, 695) (450, 753)
(412, 695) (461, 744)
(412, 695) (342, 695)
(412, 695) (412, 765)
(412, 695) (412, 765)
(412, 695) (412, 695)
(412, 695) (362, 645)
(412, 695) (412, 695)
(412, 695) (412, 765)
(412, 695) (461, 744)
(412, 695) (461, 744)
(374, 211) (331, 155)
(374, 211) (332, 155)
(374, 211) (351, 144)
(374, 211) (366, 141)
(374, 211) (304, 215)
(374, 211) (313, 176)
(374, 211) (314, 173)
(374, 211) (316, 170)
(374, 211) (315, 172)
(374, 211) (306, 192)
(374, 211) (306, 190)
(374, 211) (306, 194)
(374, 211) (317, 169)
(374, 211) (311, 179)
(374, 211) (310, 182)
(374, 211) (308, 187)
(374, 211) (309, 184)
(374, 211) (306, 190)
(36, 55) (-14, 5)
(36, 55) (-32, 38)
(36, 55) (-34, 55)
(36, 55) (36, 125)
(36, 55) (-27, 22)
(36, 55) (32, -15)
(36, 55) (36, 125)
(36, 55) (36, 125)
(36, 55) (4, 117)
(36, 55) (-27, 23)
(36, 55) (-31, 32)
(36, 55) (-23, 16)
(36, 55) (-14, 5)
(36, 55) (-34, 55)
(36, 55) (-34, 55)
(36, 55) (67, 117)
(36, 55) (-34, 55)
(36, 55) (36, 125)
Best 
 valPSNR [24.672968890224595, 34.744759950583294, 35.07505796801944, 35.18481181599399, 35.149218450614114]
valMax 35.18481181599399 pos 4
Imagen  13
./433B/BestPnsrden15_P433Blamb0/BestPnsrden15_P433B_0kodim13.png
./433B/BestPnsrden15_P433Blamb0/BestIMGP433B_0kodim13.png
./421/BestPnsrden15_P421lamb0.03/BestPnsrden15_P421_0.03kodim13.png
./421/BestPnsrden15_P421lamb0.03/BestIMGP421_0.03kodim13.png
./431C/BestPnsrden15_P431Clamb0.03/BestPnsrden15_P431C_0.03kodim13.png
./431C/BestPnsrden15_P431Clamb0.03/BestIMGP431C_0.03kodim13.png
./431B/BestPnsrden15_P431Blamb0.01/BestPnsrden15_P431B_0.01kodim13.png
./431B/BestPnsrden15_P431Blamb0.01/BestIMGP431B_0.01kodim13.png
First 
valPSNR [24.711950867398386, 27.743011375044077, 29.789935536832658, 29.524375367256535, 29.810984799362345]
valMax 29.810984799362345 pos 5
Parches valPSNR [24.711950867398386, 27.743011375044077, 29.789935536832658, 29.524375367256535, 29.810984799362345]
valMax 29.810984799362345 pos 5
valPSNR [24.83006094606089, 28.353216189630256, 30.23747123633637, 29.776916635267305, 30.326021226757366]
valMax 30.326021226757366 pos 5
Parche 
 valPSNR [24.861372467751632, 27.91939259171371, 30.04045577420234, 29.83372597723854, 30.044168147760274]
valMax 30.044168147760274 pos 5
shape 97 97 3
shape 510 766 3
shape 510 766 3
shape 510 766 3
shape 510 766 3
shape 510 766 3
shape 510 766 3
[(64, 379), (66, 488), (416, 510)]
(64, 379) (125, 345)
(64, 379) (130, 357)
(64, 379) (131, 359)
(64, 379) (126, 348)
(64, 379) (133, 370)
(64, 379) (132, 363)
(64, 379) (123, 341)
(64, 379) (128, 351)
(64, 379) (128, 351)
(64, 379) (129, 353)
(64, 379) (131, 359)
(64, 379) (132, 362)
(64, 379) (127, 349)
(64, 379) (130, 357)
(64, 379) (130, 358)
(64, 379) (125, 345)
(64, 379) (130, 358)
(64, 379) (131, 359)
(66, 488) (7, 449)
(66, 488) (66, 488)
(66, 488) (40, 423)
(66, 488) (135, 498)
(66, 488) (66, 488)
(66, 488) (12, 442)
(66, 488) (97, 425)
(66, 488) (115, 438)
(66, 488) (97, 425)
(66, 488) (66, 418)
(66, 488) (16, 438)
(66, 488) (16, 438)
(66, 488) (136, 488)
(66, 488) (66, 418)
(66, 488) (136, 488)
(66, 488) (91, 423)
(66, 488) (115, 438)
(66, 488) (88, 421)
(416, 510) (465, 559)
(416, 510) (461, 563)
(416, 510) (469, 555)
(416, 510) (375, 452)
(416, 510) (430, 578)
(416, 510) (368, 561)
(416, 510) (457, 566)
(416, 510) (457, 566)
(416, 510) (461, 563)
(416, 510) (416, 580)
(416, 510) (431, 578)
(416, 510) (416, 580)
(416, 510) (476, 544)
(416, 510) (472, 552)
(416, 510) (478, 541)
(416, 510) (460, 563)
(416, 510) (454, 568)
(416, 510) (476, 546)
Best 
 valPSNR [24.711950867398386, 27.743011375044077, 29.789935536832658, 29.524375367256535, 29.810984799362345]
valMax 29.810984799362345 pos 5
Imagen  14
./433B/BestPnsrden15_P433Blamb0/BestPnsrden15_P433B_0kodim14.png
./433B/BestPnsrden15_P433Blamb0/BestIMGP433B_0kodim14.png
./421/BestPnsrden15_P421lamb0.03/BestPnsrden15_P421_0.03kodim14.png
./421/BestPnsrden15_P421lamb0.03/BestIMGP421_0.03kodim14.png
./431C/BestPnsrden15_P431Clamb0.03/BestPnsrden15_P431C_0.03kodim14.png
./431C/BestPnsrden15_P431Clamb0.03/BestIMGP431C_0.03kodim14.png
./431B/BestPnsrden15_P431Blamb0.01/BestPnsrden15_P431B_0.01kodim14.png
./431B/BestPnsrden15_P431Blamb0.01/BestIMGP431B_0.01kodim14.png
First 
valPSNR [24.710884084964903, 32.10159554111597, 32.25564311113915, 32.314166464565545, 32.327816321121034]
valMax 32.327816321121034 pos 5
Parches valPSNR [24.710884084964903, 32.10159554111597, 32.25564311113915, 32.314166464565545, 32.327816321121034]
valMax 32.327816321121034 pos 5
valPSNR [24.82797332262836, 32.00587686972878, 32.03943858046255, 32.09934625393715, 32.148826003920625]
valMax 32.148826003920625 pos 5
Parche 
 valPSNR [24.875635949250807, 31.908964148821482, 32.198683190321454, 32.172424125309085, 32.29872535473167]
valMax 32.29872535473167 pos 5
shape 97 97 3
shape 510 766 3
shape 510 766 3
shape 510 766 3
shape 510 766 3
shape 510 766 3
shape 510 766 3
[(160, 150), (282, 208), (26, 469)]
(160, 150) (133, 214)
(160, 150) (134, 214)
(160, 150) (149, 219)
(160, 150) (96, 121)
(160, 150) (120, 207)
(160, 150) (172, 218)
(160, 150) (131, 213)
(160, 150) (132, 214)
(160, 150) (155, 219)
(160, 150) (121, 208)
(160, 150) (132, 214)
(160, 150) (137, 216)
(160, 150) (139, 216)
(160, 150) (148, 219)
(160, 150) (154, 219)
(160, 150) (117, 205)
(160, 150) (127, 212)
(160, 150) (130, 213)
(282, 208) (282, 138)
(282, 208) (264, 140)
(282, 208) (264, 140)
(282, 208) (278, 138)
(282, 208) (262, 140)
(282, 208) (248, 146)
(282, 208) (275, 138)
(282, 208) (270, 138)
(282, 208) (270, 138)
(282, 208) (275, 138)
(282, 208) (270, 138)
(282, 208) (269, 139)
(282, 208) (277, 138)
(282, 208) (268, 139)
(282, 208) (266, 139)
(282, 208) (274, 138)
(282, 208) (269, 139)
(282, 208) (266, 139)
(26, 469) (72, 416)
(26, 469) (72, 416)
(26, 469) (72, 416)
(26, 469) (83, 508)
(26, 469) (89, 497)
(26, 469) (3, 402)
(26, 469) (35, 399)
(26, 469) (19, 399)
(26, 469) (18, 399)
(26, 469) (68, 413)
(26, 469) (62, 408)
(26, 469) (48, 402)
(26, 469) (75, 419)
(26, 469) (50, 403)
(26, 469) (45, 401)
(26, 469) (71, 415)
(26, 469) (68, 413)
(26, 469) (68, 413)
Best 
 valPSNR [24.710884084964903, 32.10159554111597, 32.25564311113915, 32.314166464565545, 32.327816321121034]
valMax 32.327816321121034 pos 5
Imagen  15
./433B/BestPnsrden15_P433Blamb0/BestPnsrden15_P433B_0kodim15.png
./433B/BestPnsrden15_P433Blamb0/BestIMGP433B_0kodim15.png
./421/BestPnsrden15_P421lamb0.03/BestPnsrden15_P421_0.03kodim15.png
./421/BestPnsrden15_P421lamb0.03/BestIMGP421_0.03kodim15.png
./431C/BestPnsrden15_P431Clamb0.03/BestPnsrden15_P431C_0.03kodim15.png
./431C/BestPnsrden15_P431Clamb0.03/BestIMGP431C_0.03kodim15.png
./431B/BestPnsrden15_P431Blamb0.01/BestPnsrden15_P431B_0.01kodim15.png
./431B/BestPnsrden15_P431Blamb0.01/BestIMGP431B_0.01kodim15.png
First 
valPSNR [24.955895033076434, 33.15156004910263, 34.14581453569539, 34.18893883787718, 34.20869012931973]
valMax 34.20869012931973 pos 5
Parches valPSNR [24.955895033076434, 33.15156004910263, 34.14581453569539, 34.18893883787718, 34.20869012931973]
valMax 34.20869012931973 pos 5
valPSNR [25.513494211132265, 33.60403342843134, 34.150304742168736, 34.31943263279944, 34.36838287568608]
valMax 34.36838287568608 pos 5
Parche 
 valPSNR [25.079498766924992, 31.954491530165065, 32.91197923289471, 33.100725855032266, 33.1861812908936]
valMax 33.1861812908936 pos 5
shape 97 97 3
shape 510 766 3
shape 510 766 3
shape 510 766 3
shape 510 766 3
shape 510 766 3
shape 510 766 3
[(90, 182), (404, 225), (315, 702)]
(90, 182) (49, 125)
(90, 182) (49, 125)
(90, 182) (49, 125)
(90, 182) (36, 227)
(90, 182) (75, 113)
(90, 182) (33, 140)
(90, 182) (48, 126)
(90, 182) (48, 126)
(90, 182) (40, 132)
(90, 182) (40, 132)
(90, 182) (40, 132)
(90, 182) (40, 132)
(90, 182) (46, 127)
(90, 182) (46, 127)
(90, 182) (40, 132)
(90, 182) (61, 118)
(90, 182) (58, 119)
(90, 182) (58, 119)
(404, 225) (338, 248)
(404, 225) (336, 241)
(404, 225) (345, 263)
(404, 225) (339, 252)
(404, 225) (334, 225)
(404, 225) (345, 186)
(404, 225) (362, 281)
(404, 225) (365, 283)
(404, 225) (392, 294)
(404, 225) (354, 274)
(404, 225) (354, 274)
(404, 225) (363, 281)
(404, 225) (345, 186)
(404, 225) (337, 202)
(404, 225) (337, 247)
(404, 225) (337, 247)
(404, 225) (337, 247)
(404, 225) (341, 256)
(315, 702) (315, 702)
(315, 702) (315, 702)
(315, 702) (315, 772)
(315, 702) (315, 702)
(315, 702) (380, 727)
(315, 702) (384, 697)
(315, 702) (315, 702)
(315, 702) (315, 702)
(315, 702) (315, 702)
(315, 702) (315, 702)
(315, 702) (315, 632)
(315, 702) (315, 702)
(315, 702) (315, 702)
(315, 702) (315, 702)
(315, 702) (315, 702)
(315, 702) (315, 702)
(315, 702) (315, 702)
(315, 702) (315, 702)
Best 
 valPSNR [24.955895033076434, 33.15156004910263, 34.14581453569539, 34.18893883787718, 34.20869012931973]
valMax 34.20869012931973 pos 5
Imagen  16
./433B/BestPnsrden15_P433Blamb0/BestPnsrden15_P433B_0kodim16.png
./433B/BestPnsrden15_P433Blamb0/BestIMGP433B_0kodim16.png
./421/BestPnsrden15_P421lamb0.03/BestPnsrden15_P421_0.03kodim16.png
./421/BestPnsrden15_P421lamb0.03/BestIMGP421_0.03kodim16.png
./431C/BestPnsrden15_P431Clamb0.03/BestPnsrden15_P431C_0.03kodim16.png
./431C/BestPnsrden15_P431Clamb0.03/BestIMGP431C_0.03kodim16.png
./431B/BestPnsrden15_P431Blamb0.01/BestPnsrden15_P431B_0.01kodim16.png
./431B/BestPnsrden15_P431Blamb0.01/BestIMGP431B_0.01kodim16.png
First 
valPSNR [24.631132821683998, 33.97444893732748, 34.23834416535812, 34.29766670398456, 34.24047659614436]
valMax 34.29766670398456 pos 4
Parches valPSNR [24.631132821683998, 33.97444893732748, 34.23834416535812, 34.29766670398456, 34.24047659614436]
valMax 34.29766670398456 pos 4
valPSNR [24.782279915321304, 38.13007991869434, 39.53814786997931, 39.59223758048349, 39.17296372012053]
valMax 39.59223758048349 pos 4
Parche 
 valPSNR [24.7681199930598, 34.42208654296265, 34.24074247089925, 34.26135315215206, 34.48484619992038]
valMax 34.48484619992038 pos 5
shape 97 97 3
shape 510 766 3
shape 510 766 3
shape 510 766 3
shape 510 766 3
shape 510 766 3
shape 510 766 3
[(310, 691), (128, 395), (505, 467)]
(310, 691) (377, 711)
(310, 691) (377, 711)
(310, 691) (377, 711)
(310, 691) (310, 621)
(310, 691) (351, 634)
(310, 691) (269, 634)
(310, 691) (310, 621)
(310, 691) (316, 621)
(310, 691) (313, 621)
(310, 691) (321, 621)
(310, 691) (324, 622)
(310, 691) (323, 622)
(310, 691) (313, 621)
(310, 691) (313, 621)
(310, 691) (313, 621)
(310, 691) (333, 624)
(310, 691) (331, 624)
(310, 691) (332, 624)
(128, 395) (166, 453)
(128, 395) (141, 463)
(128, 395) (152, 460)
(128, 395) (81, 342)
(128, 395) (188, 359)
(128, 395) (164, 454)
(128, 395) (177, 444)
(128, 395) (177, 444)
(128, 395) (58, 395)
(128, 395) (128, 395)
(128, 395) (128, 465)
(128, 395) (128, 465)
(128, 395) (128, 395)
(128, 395) (128, 395)
(128, 395) (128, 395)
(128, 395) (58, 395)
(128, 395) (65, 426)
(128, 395) (65, 426)
(505, 467) (571, 489)
(505, 467) (571, 444)
(505, 467) (536, 404)
(505, 467) (547, 522)
(505, 467) (564, 429)
(505, 467) (505, 397)
(505, 467) (575, 467)
(505, 467) (565, 430)
(505, 467) (565, 430)
(505, 467) (572, 447)
(505, 467) (565, 432)
(505, 467) (561, 426)
(505, 467) (554, 417)
(505, 467) (561, 426)
(505, 467) (564, 429)
(505, 467) (569, 492)
(505, 467) (571, 489)
(505, 467) (575, 467)
Best 
 valPSNR [24.631132821683998, 33.97444893732748, 34.23834416535812, 34.29766670398456, 34.24047659614436]
valMax 34.29766670398456 pos 4
Imagen  17
./433B/BestPnsrden15_P433Blamb0/BestPnsrden15_P433B_0kodim17.png
./433B/BestPnsrden15_P433Blamb0/BestIMGP433B_0kodim17.png
./421/BestPnsrden15_P421lamb0.03/BestPnsrden15_P421_0.03kodim17.png
./421/BestPnsrden15_P421lamb0.03/BestIMGP421_0.03kodim17.png
./431C/BestPnsrden15_P431Clamb0.03/BestPnsrden15_P431C_0.03kodim17.png
./431C/BestPnsrden15_P431Clamb0.03/BestIMGP431C_0.03kodim17.png
./431B/BestPnsrden15_P431Blamb0.01/BestPnsrden15_P431B_0.01kodim17.png
./431B/BestPnsrden15_P431Blamb0.01/BestIMGP431B_0.01kodim17.png
First 
valPSNR [24.866138954014943, 34.45021221626865, 34.62458105612092, 34.762381100936686, 34.72879014403229]
valMax 34.762381100936686 pos 4
Parches valPSNR [24.866138954014943, 34.45021221626865, 34.62458105612092, 34.762381100936686, 34.72879014403229]
valMax 34.762381100936686 pos 4
valPSNR [25.232267437227755, 29.97545344956648, 30.34073270306838, 30.424983060982175, 30.46330302612816]
valMax 30.46330302612816 pos 5
Parche 
 valPSNR [24.835872594470715, 32.82757430834229, 32.86152154121895, 33.117993760241575, 32.995125295522676]
valMax 33.117993760241575 pos 4
shape 97 97 3
shape 766 510 3
shape 766 510 3
shape 766 510 3
shape 766 510 3
shape 766 510 3
shape 766 510 3
[(730, 215), (59, 104), (202, 174)]
(730, 215) (667, 183)
(730, 215) (779, 165)
(730, 215) (730, 145)
(730, 215) (761, 152)
(730, 215) (697, 276)
(730, 215) (797, 234)
(730, 215) (800, 215)
(730, 215) (796, 237)
(730, 215) (800, 215)
(730, 215) (798, 228)
(730, 215) (800, 215)
(730, 215) (798, 228)
(730, 215) (707, 148)
(730, 215) (730, 145)
(730, 215) (707, 148)
(730, 215) (792, 183)
(730, 215) (779, 165)
(730, 215) (730, 145)
(59, 104) (3, 62)
(59, 104) (-11, 104)
(59, 104) (-11, 104)
(59, 104) (5, 59)
(59, 104) (-11, 104)
(59, 104) (-10, 115)
(59, 104) (59, 34)
(59, 104) (59, 104)
(59, 104) (59, 104)
(59, 104) (59, 104)
(59, 104) (59, 104)
(59, 104) (59, 104)
(59, 104) (9, 54)
(59, 104) (59, 104)
(59, 104) (59, 34)
(59, 104) (59, 34)
(59, 104) (59, 34)
(59, 104) (59, 34)
(202, 174) (179, 107)
(202, 174) (209, 104)
(202, 174) (202, 104)
(202, 174) (266, 147)
(202, 174) (152, 124)
(202, 174) (250, 224)
(202, 174) (132, 168)
(202, 174) (132, 166)
(202, 174) (132, 166)
(202, 174) (152, 223)
(202, 174) (139, 205)
(202, 174) (143, 212)
(202, 174) (132, 183)
(202, 174) (133, 187)
(202, 174) (133, 187)
(202, 174) (202, 104)
(202, 174) (251, 124)
(202, 174) (251, 124)
Best 
 valPSNR [24.866138954014943, 34.45021221626865, 34.62458105612092, 34.762381100936686, 34.72879014403229]
valMax 34.762381100936686 pos 4
Imagen  18
./433B/BestPnsrden15_P433Blamb0/BestPnsrden15_P433B_0kodim18.png
./433B/BestPnsrden15_P433Blamb0/BestIMGP433B_0kodim18.png
./421/BestPnsrden15_P421lamb0.03/BestPnsrden15_P421_0.03kodim18.png
./421/BestPnsrden15_P421lamb0.03/BestIMGP421_0.03kodim18.png
./431C/BestPnsrden15_P431Clamb0.03/BestPnsrden15_P431C_0.03kodim18.png
./431C/BestPnsrden15_P431Clamb0.03/BestIMGP431C_0.03kodim18.png
./431B/BestPnsrden15_P431Blamb0.01/BestPnsrden15_P431B_0.01kodim18.png
./431B/BestPnsrden15_P431Blamb0.01/BestIMGP431B_0.01kodim18.png
First 
valPSNR [24.768007062025184, 31.785155433238124, 31.9793991367538, 32.020309065767556, 32.03071296648799]
valMax 32.03071296648799 pos 5
Parches valPSNR [24.768007062025184, 31.785155433238124, 31.9793991367538, 32.020309065767556, 32.03071296648799]
valMax 32.03071296648799 pos 5
valPSNR [24.856632175746604, 33.9908124785443, 34.311756737748155, 34.37076849473515, 34.380436201432055]
valMax 34.380436201432055 pos 5
Parche 
 valPSNR [24.88628654933283, 32.00206348811762, 32.00755584816709, 32.12581971016695, 32.168488308195364]
valMax 32.168488308195364 pos 5
shape 97 97 3
shape 766 510 3
shape 766 510 3
shape 766 510 3
shape 766 510 3
shape 766 510 3
shape 766 510 3
[(532, 89), (176, 222), (614, 475)]
(532, 89) (519, 157)
(532, 89) (525, 158)
(532, 89) (515, 156)
(532, 89) (547, 157)
(532, 89) (566, 150)
(532, 89) (464, 106)
(532, 89) (474, 129)
(532, 89) (475, 130)
(532, 89) (490, 145)
(532, 89) (500, 151)
(532, 89) (512, 156)
(532, 89) (516, 157)
(532, 89) (490, 145)
(532, 89) (494, 147)
(532, 89) (499, 150)
(532, 89) (509, 155)
(532, 89) (522, 158)
(532, 89) (500, 151)
(176, 222) (126, 271)
(176, 222) (116, 258)
(176, 222) (117, 259)
(176, 222) (213, 281)
(176, 222) (136, 164)
(176, 222) (109, 199)
(176, 222) (162, 290)
(176, 222) (163, 290)
(176, 222) (159, 289)
(176, 222) (144, 284)
(176, 222) (122, 267)
(176, 222) (107, 237)
(176, 222) (214, 280)
(176, 222) (200, 287)
(176, 222) (176, 292)
(176, 222) (190, 290)
(176, 222) (187, 291)
(176, 222) (176, 292)
(614, 475) (645, 537)
(614, 475) (614, 405)
(614, 475) (647, 536)
(614, 475) (595, 542)
(614, 475) (682, 487)
(614, 475) (681, 494)
(614, 475) (678, 502)
(614, 475) (681, 491)
(614, 475) (667, 520)
(614, 475) (658, 529)
(614, 475) (591, 541)
(614, 475) (623, 544)
(614, 475) (614, 545)
(614, 475) (582, 537)
(614, 475) (614, 545)
(614, 475) (630, 542)
(614, 475) (551, 443)
(614, 475) (575, 533)
Best 
 valPSNR [24.768007062025184, 31.785155433238124, 31.9793991367538, 32.020309065767556, 32.03071296648799]
valMax 32.03071296648799 pos 5
Imagen  19
./433B/BestPnsrden15_P433Blamb0/BestPnsrden15_P433B_0kodim19.png
./433B/BestPnsrden15_P433Blamb0/BestIMGP433B_0kodim19.png
./421/BestPnsrden15_P421lamb0.03/BestPnsrden15_P421_0.03kodim19.png
./421/BestPnsrden15_P421lamb0.03/BestIMGP421_0.03kodim19.png
./431C/BestPnsrden15_P431Clamb0.03/BestPnsrden15_P431C_0.03kodim19.png
./431C/BestPnsrden15_P431Clamb0.03/BestIMGP431C_0.03kodim19.png
./431B/BestPnsrden15_P431Blamb0.01/BestPnsrden15_P431B_0.01kodim19.png
./431B/BestPnsrden15_P431Blamb0.01/BestIMGP431B_0.01kodim19.png
First 
valPSNR [24.670460394850625, 33.25425406520653, 33.413283108191806, 33.44063342860115, 33.52956209609716]
valMax 33.52956209609716 pos 5
Parches valPSNR [24.670460394850625, 33.25425406520653, 33.413283108191806, 33.44063342860115, 33.52956209609716]
valMax 33.52956209609716 pos 5
valPSNR [24.88032898284391, 34.48325530600872, 34.674416105966166, 34.594288684548296, 34.657130062219785]
valMax 34.674416105966166 pos 3
Parche 
 valPSNR [25.035139046774468, 31.771992048824952, 32.13864661599246, 32.17216995955518, 32.302669407611006]
valMax 32.302669407611006 pos 5
shape 97 97 3
shape 766 510 3
shape 766 510 3
shape 766 510 3
shape 766 510 3
shape 766 510 3
shape 766 510 3
[(418, 15), (443, 468), (498, 354)]
(418, 15) (414, 84)
(418, 15) (415, 84)
(418, 15) (418, 85)
(418, 15) (385, 76)
(418, 15) (384, 76)
(418, 15) (406, 84)
(418, 15) (411, 84)
(418, 15) (414, 84)
(418, 15) (415, 84)
(418, 15) (413, 84)
(418, 15) (414, 84)
(418, 15) (415, 84)
(418, 15) (409, 84)
(418, 15) (412, 84)
(418, 15) (415, 84)
(418, 15) (407, 84)
(418, 15) (412, 84)
(418, 15) (414, 84)
(443, 468) (485, 524)
(443, 468) (496, 512)
(443, 468) (489, 520)
(443, 468) (465, 534)
(443, 468) (507, 495)
(443, 468) (509, 490)
(443, 468) (506, 497)
(443, 468) (497, 511)
(443, 468) (500, 507)
(443, 468) (506, 496)
(443, 468) (507, 493)
(443, 468) (509, 490)
(443, 468) (498, 510)
(443, 468) (506, 498)
(443, 468) (509, 491)
(443, 468) (501, 506)
(443, 468) (502, 505)
(443, 468) (501, 506)
(498, 354) (428, 348)
(498, 354) (428, 346)
(498, 354) (428, 346)
(498, 354) (445, 400)
(498, 354) (498, 424)
(498, 354) (534, 413)
(498, 354) (428, 354)
(498, 354) (428, 357)
(498, 354) (428, 357)
(498, 354) (433, 379)
(498, 354) (443, 397)
(498, 354) (439, 391)
(498, 354) (446, 401)
(498, 354) (443, 397)
(498, 354) (441, 395)
(498, 354) (438, 391)
(498, 354) (431, 376)
(498, 354) (439, 391)
Best 
 valPSNR [24.670460394850625, 33.25425406520653, 33.413283108191806, 33.44063342860115, 33.52956209609716]
valMax 33.52956209609716 pos 5
Imagen  20
./433B/BestPnsrden15_P433Blamb0/BestPnsrden15_P433B_0kodim20.png
./433B/BestPnsrden15_P433Blamb0/BestIMGP433B_0kodim20.png
./421/BestPnsrden15_P421lamb0.03/BestPnsrden15_P421_0.03kodim20.png
./421/BestPnsrden15_P421lamb0.03/BestIMGP421_0.03kodim20.png
./431C/BestPnsrden15_P431Clamb0.03/BestPnsrden15_P431C_0.03kodim20.png
./431C/BestPnsrden15_P431Clamb0.03/BestIMGP431C_0.03kodim20.png
./431B/BestPnsrden15_P431Blamb0.01/BestPnsrden15_P431B_0.01kodim20.png
./431B/BestPnsrden15_P431Blamb0.01/BestIMGP431B_0.01kodim20.png
First 
valPSNR [25.610238609529873, 32.672258216862325, 32.85540603114974, 32.83908329075597, 32.8939455805549]
valMax 32.8939455805549 pos 5
Parches valPSNR [25.610238609529873, 32.672258216862325, 32.85540603114974, 32.83908329075597, 32.8939455805549]
valMax 32.8939455805549 pos 5
valPSNR [26.89285806305037, 33.33320770499596, 33.50446100622151, 33.43505005732403, 33.56636247814338]
valMax 33.56636247814338 pos 5
Parche 
 valPSNR [25.051837126346506, 33.40245419702554, 33.597297405199996, 33.66005661147371, 33.64976287895675]
valMax 33.66005661147371 pos 4
shape 97 97 3
shape 510 766 3
shape 510 766 3
shape 510 766 3
shape 510 766 3
shape 510 766 3
shape 510 766 3
[(439, 421), (92, 182), (44, 185)]
(439, 421) (476, 480)
(439, 421) (476, 480)
(439, 421) (476, 480)
(439, 421) (500, 454)
(439, 421) (495, 379)
(439, 421) (485, 473)
(439, 421) (497, 459)
(439, 421) (452, 489)
(439, 421) (488, 470)
(439, 421) (493, 464)
(439, 421) (481, 477)
(439, 421) (477, 479)
(439, 421) (439, 421)
(439, 421) (376, 452)
(439, 421) (389, 470)
(439, 421) (506, 404)
(439, 421) (501, 389)
(439, 421) (509, 421)
(92, 182) (29, 150)
(92, 182) (92, 252)
(92, 182) (92, 252)
(92, 182) (22, 189)
(92, 182) (38, 137)
(92, 182) (50, 125)
(92, 182) (114, 248)
(92, 182) (134, 238)
(92, 182) (141, 231)
(92, 182) (22, 175)
(92, 182) (23, 166)
(92, 182) (24, 162)
(92, 182) (162, 182)
(92, 182) (154, 213)
(92, 182) (123, 244)
(92, 182) (29, 150)
(92, 182) (42, 231)
(92, 182) (60, 244)
(44, 185) (102, 146)
(44, 185) (44, 185)
(44, 185) (44, 185)
(44, 185) (44, 185)
(44, 185) (44, 185)
(44, 185) (44, 185)
(44, 185) (44, 255)
(44, 185) (44, 255)
(44, 185) (44, 185)
(44, 185) (44, 185)
(44, 185) (44, 185)
(44, 185) (44, 185)
(44, 185) (44, 185)
(44, 185) (44, 185)
(44, 185) (44, 185)
(44, 185) (44, 185)
(44, 185) (44, 185)
(44, 185) (44, 185)
Best 
 valPSNR [25.610238609529873, 32.672258216862325, 32.85540603114974, 32.83908329075597, 32.8939455805549]
valMax 32.8939455805549 pos 5
Imagen  21
./433B/BestPnsrden15_P433Blamb0/BestPnsrden15_P433B_0kodim21.png
./433B/BestPnsrden15_P433Blamb0/BestIMGP433B_0kodim21.png
./421/BestPnsrden15_P421lamb0.03/BestPnsrden15_P421_0.03kodim21.png
./421/BestPnsrden15_P421lamb0.03/BestIMGP421_0.03kodim21.png
./431C/BestPnsrden15_P431Clamb0.03/BestPnsrden15_P431C_0.03kodim21.png
./431C/BestPnsrden15_P431Clamb0.03/BestIMGP431C_0.03kodim21.png
./431B/BestPnsrden15_P431Blamb0.01/BestPnsrden15_P431B_0.01kodim21.png
./431B/BestPnsrden15_P431Blamb0.01/BestIMGP431B_0.01kodim21.png
First 
valPSNR [24.64200699837299, 32.89198427166893, 33.13341841980896, 33.23140446910111, 33.17805559493865]
valMax 33.23140446910111 pos 4
Parches valPSNR [24.64200699837299, 32.89198427166893, 33.13341841980896, 33.23140446910111, 33.17805559493865]
valMax 33.23140446910111 pos 4
valPSNR [25.05427042890888, 33.329441226739206, 33.57450786983741, 33.69043747198678, 33.6555428020456]
valMax 33.69043747198678 pos 4
Parche 
 valPSNR [24.895354681263278, 31.171152619563536, 31.27735325618766, 31.33018893184891, 31.431349157589004]
valMax 31.431349157589004 pos 5
shape 97 97 3
shape 510 766 3
shape 510 766 3
shape 510 766 3
shape 510 766 3
shape 510 766 3
shape 510 766 3
[(415, 38), (80, 238), (207, 261)]
(415, 38) (430, 106)
(415, 38) (424, 107)
(415, 38) (423, 107)
(415, 38) (431, 105)
(415, 38) (381, 99)
(415, 38) (356, -1)
(415, 38) (423, 107)
(415, 38) (421, 107)
(415, 38) (418, 107)
(415, 38) (436, 104)
(415, 38) (433, 105)
(415, 38) (426, 107)
(415, 38) (412, 107)
(415, 38) (415, 108)
(415, 38) (428, 106)
(415, 38) (436, 104)
(415, 38) (434, 105)
(415, 38) (435, 105)
(80, 238) (66, 169)
(80, 238) (102, 171)
(80, 238) (102, 171)
(80, 238) (76, 168)
(80, 238) (144, 211)
(80, 238) (21, 199)
(80, 238) (10, 238)
(80, 238) (80, 238)
(80, 238) (30, 188)
(80, 238) (80, 238)
(80, 238) (80, 308)
(80, 238) (129, 287)
(80, 238) (80, 308)
(80, 238) (80, 238)
(80, 238) (80, 238)
(80, 238) (80, 168)
(80, 238) (80, 168)
(80, 238) (80, 238)
(207, 261) (207, 191)
(207, 261) (207, 191)
(207, 261) (207, 191)
(207, 261) (160, 313)
(207, 261) (141, 236)
(207, 261) (213, 330)
(207, 261) (269, 292)
(207, 261) (277, 261)
(207, 261) (207, 191)
(207, 261) (148, 299)
(207, 261) (168, 319)
(207, 261) (157, 310)
(207, 261) (140, 238)
(207, 261) (175, 198)
(207, 261) (187, 193)
(207, 261) (229, 327)
(207, 261) (234, 325)
(207, 261) (218, 330)
Best 
 valPSNR [24.64200699837299, 32.89198427166893, 33.13341841980896, 33.23140446910111, 33.17805559493865]
valMax 33.23140446910111 pos 4
Imagen  22
./433B/BestPnsrden15_P433Blamb0/BestPnsrden15_P433B_0kodim22.png
./433B/BestPnsrden15_P433Blamb0/BestIMGP433B_0kodim22.png
./421/BestPnsrden15_P421lamb0.03/BestPnsrden15_P421_0.03kodim22.png
./421/BestPnsrden15_P421lamb0.03/BestIMGP421_0.03kodim22.png
./431C/BestPnsrden15_P431Clamb0.03/BestPnsrden15_P431C_0.03kodim22.png
./431C/BestPnsrden15_P431Clamb0.03/BestIMGP431C_0.03kodim22.png
./431B/BestPnsrden15_P431Blamb0.01/BestPnsrden15_P431B_0.01kodim22.png
./431B/BestPnsrden15_P431Blamb0.01/BestIMGP431B_0.01kodim22.png
First 
valPSNR [24.64264062245845, 32.53303455646805, 32.75315041241292, 32.84277764724719, 32.80590225509577]
valMax 32.84277764724719 pos 4
Parches valPSNR [24.64264062245845, 32.53303455646805, 32.75315041241292, 32.84277764724719, 32.80590225509577]
valMax 32.84277764724719 pos 4
valPSNR [25.130695370602496, 31.83090665158176, 31.6802302724371, 31.66007613685247, 31.857769346627308]
valMax 31.857769346627308 pos 5
Parche 
 valPSNR [24.821018852733147, 33.801397476754595, 33.85521243824093, 33.952939726437, 33.85090518437042]
valMax 33.952939726437 pos 4
shape 97 97 3
shape 510 766 3
shape 510 766 3
shape 510 766 3
shape 510 766 3
shape 510 766 3
shape 510 766 3
[(306, 239), (216, 616), (207, 384)]
(306, 239) (243, 207)
(306, 239) (247, 200)
(306, 239) (256, 288)
(306, 239) (365, 202)
(306, 239) (239, 216)
(306, 239) (322, 171)
(306, 239) (376, 239)
(306, 239) (337, 176)
(306, 239) (344, 297)
(306, 239) (306, 169)
(306, 239) (337, 176)
(306, 239) (368, 207)
(306, 239) (337, 176)
(306, 239) (355, 189)
(306, 239) (348, 183)
(306, 239) (274, 176)
(306, 239) (292, 170)
(306, 239) (267, 180)
(216, 616) (276, 579)
(216, 616) (269, 571)
(216, 616) (247, 553)
(216, 616) (212, 546)
(216, 616) (283, 635)
(216, 616) (265, 665)
(216, 616) (200, 547)
(216, 616) (216, 546)
(216, 616) (205, 546)
(216, 616) (232, 548)
(216, 616) (209, 546)
(216, 616) (222, 546)
(216, 616) (228, 547)
(216, 616) (265, 566)
(216, 616) (222, 546)
(216, 616) (236, 548)
(216, 616) (229, 547)
(216, 616) (241, 551)
(207, 384) (197, 453)
(207, 384) (256, 433)
(207, 384) (238, 446)
(207, 384) (142, 409)
(207, 384) (274, 402)
(207, 384) (179, 319)
(207, 384) (275, 370)
(207, 384) (238, 321)
(207, 384) (235, 320)
(207, 384) (137, 384)
(207, 384) (197, 314)
(207, 384) (175, 321)
(207, 384) (139, 367)
(207, 384) (175, 321)
(207, 384) (157, 334)
(207, 384) (207, 384)
(207, 384) (243, 323)
(207, 384) (277, 384)
Best 
 valPSNR [24.64264062245845, 32.53303455646805, 32.75315041241292, 32.84277764724719, 32.80590225509577]
valMax 32.84277764724719 pos 4
Imagen  23
./433B/BestPnsrden15_P433Blamb0/BestPnsrden15_P433B_0kodim23.png
./433B/BestPnsrden15_P433Blamb0/BestIMGP433B_0kodim23.png
./421/BestPnsrden15_P421lamb0.03/BestPnsrden15_P421_0.03kodim23.png
./421/BestPnsrden15_P421lamb0.03/BestIMGP421_0.03kodim23.png
./431C/BestPnsrden15_P431Clamb0.03/BestPnsrden15_P431C_0.03kodim23.png
./431C/BestPnsrden15_P431Clamb0.03/BestIMGP431C_0.03kodim23.png
./431B/BestPnsrden15_P431Blamb0.01/BestPnsrden15_P431B_0.01kodim23.png
./431B/BestPnsrden15_P431Blamb0.01/BestIMGP431B_0.01kodim23.png
First 
valPSNR [24.696791569610706, 35.89239134015197, 36.20537101583493, 36.27051298931991, 36.25079896624719]
valMax 36.27051298931991 pos 4
Parches valPSNR [24.696791569610706, 35.89239134015197, 36.20537101583493, 36.27051298931991, 36.25079896624719]
valMax 36.27051298931991 pos 4
valPSNR [24.83060943304704, 38.996856861137005, 39.34413386306304, 39.291215919292, 39.17972843304438]
valMax 39.34413386306304 pos 3
Parche 
 valPSNR [24.74888636941193, 37.876347080084976, 38.36202426865778, 38.4929539092498, 38.19475776242805]
valMax 38.4929539092498 pos 4
shape 97 97 3
shape 510 766 3
shape 510 766 3
shape 510 766 3
shape 510 766 3
shape 510 766 3
shape 510 766 3
[(96, 409), (4, 452), (191, 738)]
(96, 409) (64, 346)
(96, 409) (64, 346)
(96, 409) (57, 350)
(96, 409) (115, 341)
(96, 409) (120, 474)
(96, 409) (88, 339)
(96, 409) (96, 339)
(96, 409) (96, 339)
(96, 409) (166, 409)
(96, 409) (46, 359)
(96, 409) (96, 339)
(96, 409) (96, 409)
(96, 409) (46, 359)
(96, 409) (46, 359)
(96, 409) (96, 339)
(96, 409) (96, 339)
(96, 409) (166, 409)
(96, 409) (96, 339)
(4, 452) (-28, 389)
(4, 452) (4, 382)
(4, 452) (-46, 402)
(4, 452) (38, 513)
(4, 452) (54, 403)
(4, 452) (31, 387)
(4, 452) (74, 452)
(4, 452) (4, 382)
(4, 452) (74, 452)
(4, 452) (-28, 389)
(4, 452) (4, 382)
(4, 452) (4, 382)
(4, 452) (4, 382)
(4, 452) (4, 382)
(4, 452) (4, 382)
(4, 452) (4, 452)
(4, 452) (4, 452)
(4, 452) (53, 501)
(191, 738) (191, 738)
(191, 738) (191, 668)
(191, 738) (191, 808)
(191, 738) (194, 807)
(191, 738) (194, 807)
(191, 738) (242, 785)
(191, 738) (253, 706)
(191, 738) (249, 699)
(191, 738) (257, 715)
(191, 738) (261, 738)
(191, 738) (240, 688)
(191, 738) (240, 688)
(191, 738) (261, 738)
(191, 738) (191, 738)
(191, 738) (240, 787)
(191, 738) (191, 668)
(191, 738) (191, 738)
(191, 738) (191, 738)
Best 
 valPSNR [24.696791569610706, 35.89239134015197, 36.20537101583493, 36.27051298931991, 36.25079896624719]
valMax 36.27051298931991 pos 4
Imagen  24
./433B/BestPnsrden15_P433Blamb0/BestPnsrden15_P433B_0kodim24.png
./433B/BestPnsrden15_P433Blamb0/BestIMGP433B_0kodim24.png
./421/BestPnsrden15_P421lamb0.03/BestPnsrden15_P421_0.03kodim24.png
./421/BestPnsrden15_P421lamb0.03/BestIMGP421_0.03kodim24.png
./431C/BestPnsrden15_P431Clamb0.03/BestPnsrden15_P431C_0.03kodim24.png
./431C/BestPnsrden15_P431Clamb0.03/BestIMGP431C_0.03kodim24.png
./431B/BestPnsrden15_P431Blamb0.01/BestPnsrden15_P431B_0.01kodim24.png
./431B/BestPnsrden15_P431Blamb0.01/BestIMGP431B_0.01kodim24.png
First 
valPSNR [24.760263498976016, 32.00300589800983, 32.218525781158625, 32.211666161536364, 32.26028920339349]
valMax 32.26028920339349 pos 5
Parches valPSNR [24.760263498976016, 32.00300589800983, 32.218525781158625, 32.211666161536364, 32.26028920339349]
valMax 32.26028920339349 pos 5
valPSNR [24.76667867686733, 33.65713483894399, 33.84281626432389, 34.10465071441899, 34.06644744382356]
valMax 34.10465071441899 pos 4
Parche 
 valPSNR [24.777500866134474, 32.23210467192619, 32.416345329042095, 32.604618978630135, 32.32769162661728]
valMax 32.604618978630135 pos 4
shape 97 97 3
shape 510 766 3
shape 510 766 3
shape 510 766 3
shape 510 766 3
shape 510 766 3
shape 510 766 3
[(274, 386), (249, 358), (383, 219)]
(274, 386) (208, 361)
(274, 386) (213, 349)
(274, 386) (213, 349)
(274, 386) (258, 317)
(274, 386) (343, 394)
(274, 386) (283, 455)
(274, 386) (204, 386)
(274, 386) (209, 360)
(274, 386) (204, 386)
(274, 386) (224, 336)
(274, 386) (274, 316)
(274, 386) (215, 347)
(274, 386) (224, 336)
(274, 386) (274, 386)
(274, 386) (224, 336)
(274, 386) (211, 354)
(274, 386) (224, 336)
(274, 386) (204, 386)
(249, 358) (319, 358)
(249, 358) (319, 358)
(249, 358) (179, 358)
(249, 358) (241, 427)
(249, 358) (317, 372)
(249, 358) (239, 288)
(249, 358) (249, 358)
(249, 358) (319, 358)
(249, 358) (210, 299)
(249, 358) (248, 427)
(249, 358) (249, 288)
(249, 358) (249, 288)
(249, 358) (249, 288)
(249, 358) (249, 288)
(249, 358) (248, 427)
(249, 358) (249, 288)
(249, 358) (248, 427)
(249, 358) (249, 288)
(383, 219) (383, 289)
(383, 219) (383, 289)
(383, 219) (383, 289)
(383, 219) (449, 198)
(383, 219) (438, 261)
(383, 219) (432, 268)
(383, 219) (425, 275)
(383, 219) (425, 275)
(383, 219) (421, 277)
(383, 219) (421, 160)
(383, 219) (421, 160)
(383, 219) (432, 169)
(383, 219) (453, 219)
(383, 219) (432, 268)
(383, 219) (432, 169)
(383, 219) (369, 287)
(383, 219) (369, 287)
(383, 219) (333, 268)
Best 
 valPSNR [24.760263498976016, 32.00300589800983, 32.218525781158625, 32.211666161536364, 32.26028920339349]
valMax 32.26028920339349 pos 5
kodim1  &  0.1616  &  1.1979  &  0.2770  &  0.2461  &  0.2216  &  0.2192  \\
kodim2  &  0.4171  &  1.4621  &  0.4609  &  0.3679  &  0.3661  &  0.3843  \\
kodim3  &  0.2476  &  1.4713  &  0.4159  &  0.3465  &  0.2845  &  0.2971  \\
kodim4  &  0.3105  &  1.4481  &  0.4469  &  0.3661  &  0.3375  &  0.3464  \\
kodim5  &  0.2544  &  1.2337  &  0.3741  &  0.3322  &  0.3108  &  0.3061  \\
kodim6  &  0.1775  &  1.2786  &  0.3167  &  0.2517  &  0.2092  &  0.2206  \\
kodim7  &  0.2706  &  1.4362  &  0.4134  &  0.3191  &  0.2755  &  0.2918  \\
kodim8  &  0.1958  &  1.1422  &  0.3070  &  0.2661  &  0.2531  &  0.2479  \\
kodim9  &  0.2854  &  1.4528  &  0.4089  &  0.2904  &  0.2335  &  0.2573  \\
kodim10  &  0.2862  &  1.4513  &  0.4574  &  0.3488  &  0.2885  &  0.2903  \\
kodim11  &  0.2180  &  1.3675  &  0.3564  &  0.3052  &  0.2731  &  0.2691  \\
kodim12  &  0.2283  &  1.4561  &  0.3500  &  0.3133  &  0.2609  &  0.2659  \\
kodim13  &  0.1553  &  1.1022  &  0.2190  &  0.2073  &  0.2009  &  0.1844  \\
kodim14  &  0.2531  &  1.3382  &  0.3854  &  0.3437  &  0.3191  &  0.3131  \\
kodim15  &  0.2631  &  1.4245  &  0.4074  &  0.3288  &  0.2929  &  0.3065  \\
kodim16  &  0.2126  &  1.4070  &  0.3143  &  0.2678  &  0.2451  &  0.2337  \\
kodim17  &  0.2484  &  1.4324  &  0.3153  &  0.2553  &  0.2210  &  0.2070  \\
kodim18  &  0.2915  &  1.3174  &  0.3670  &  0.3267  &  0.3017  &  0.3093  \\
kodim19  &  0.2698  &  1.3496  &  0.3507  &  0.3298  &  0.2699  &  0.2562  \\
kodim20  &  0.1421  &  1.3052  &  0.2756  &  0.1983  &  0.1595  &  0.1649  \\
kodim21  &  0.2816  &  1.3482  &  0.3988  &  0.2926  &  0.2380  &  0.2784  \\
kodim22  &  0.3326  &  1.3957  &  0.4183  &  0.3479  &  0.3208  &  0.3213  \\
kodim23  &  0.3871  &  1.4950  &  0.5917  &  0.4612  &  0.4117  &  0.4489  \\
kodim24  &  0.2210  &  1.3045  &  0.3750  &  0.3340  &  0.2871  &  0.3112  \\
kodim25  &  0.2546  &  1.3591  &  0.3751  &  0.3103  &  0.2743  &  0.2804  \\
