Imagen  1
First 
valPSNR [20.27387223999329, 28.399964571345976, 28.581387789004445, 28.640268633138966, 28.760165489649875]
valMax 28.760165489649875 pos 5
Parches valPSNR [20.27387223999329, 28.399964571345976, 28.581387789004445, 28.640268633138966, 28.760165489649875]
valMax 28.760165489649875 pos 5
valPSNR [20.44324087224937, 27.755861140193815, 28.069744148494493, 28.158521408265944, 28.24189302837666]
valMax 28.24189302837666 pos 5
Parche 
 valPSNR [20.346370830921554, 27.459015475864348, 27.681686230377114, 27.696499148027435, 27.77712182801809]
valMax 27.77712182801809 pos 5
shape 510 766 3
shape 510 766 3
shape 510 766 3
shape 510 766 3
shape 510 766 3
shape 510 766 3
[(467, 209), (136, 601), (85, 661)]
(467, 209) (533, 186)
(467, 209) (533, 186)
(467, 209) (533, 186)
(467, 209) (512, 262)
(467, 209) (431, 148)
(467, 209) (417, 159)
(467, 209) (467, 279)
(467, 209) (467, 279)
(467, 209) (417, 258)
(467, 209) (397, 209)
(467, 209) (397, 209)
(467, 209) (417, 258)
(467, 209) (467, 279)
(467, 209) (444, 275)
(467, 209) (467, 279)
(467, 209) (467, 279)
(467, 209) (467, 279)
(467, 209) (444, 275)
(136, 601) (76, 563)
(136, 601) (75, 564)
(136, 601) (83, 554)
(136, 601) (184, 550)
(136, 601) (95, 543)
(136, 601) (188, 647)
(136, 601) (120, 532)
(136, 601) (103, 538)
(136, 601) (105, 537)
(136, 601) (84, 553)
(136, 601) (88, 549)
(136, 601) (82, 556)
(136, 601) (110, 535)
(136, 601) (124, 531)
(136, 601) (111, 535)
(136, 601) (151, 532)
(136, 601) (144, 531)
(136, 601) (148, 532)
(85, 661) (134, 710)
(85, 661) (134, 710)
(85, 661) (134, 710)
(85, 661) (127, 605)
(85, 661) (154, 666)
(85, 661) (15, 655)
(85, 661) (35, 611)
(85, 661) (85, 661)
(85, 661) (134, 611)
(85, 661) (85, 591)
(85, 661) (35, 611)
(85, 661) (53, 598)
(85, 661) (85, 661)
(85, 661) (85, 591)
(85, 661) (85, 661)
(85, 661) (85, 661)
(85, 661) (85, 731)
(85, 661) (85, 731)
Best 
 valPSNR [20.27387223999329, 28.399964571345976, 28.581387789004445, 28.640268633138966, 28.760165489649875]
valMax 28.760165489649875 pos 5
Imagen  2
First 
valPSNR [20.582909643318523, 31.97905218818208, 32.07770376166039, 32.10107152997963, 32.07132653912617]
valMax 32.10107152997963 pos 4
Parches valPSNR [20.582909643318523, 31.97905218818208, 32.07770376166039, 32.10107152997963, 32.07132653912617]
valMax 32.10107152997963 pos 4
valPSNR [20.604943413983897, 30.46471091441842, 30.679420292755772, 30.66221857805758, 30.56151865830477]
valMax 30.679420292755772 pos 3
Parche 
 valPSNR [20.80355996875028, 33.81420349054708, 34.06994982128334, 33.956293706002796, 34.04701661139985]
valMax 34.06994982128334 pos 3
shape 510 766 3
shape 510 766 3
shape 510 766 3
shape 510 766 3
shape 510 766 3
shape 510 766 3
[(485, 599), (313, 524), (147, 15)]
(485, 599) (485, 669)
(485, 599) (485, 669)
(485, 599) (485, 669)
(485, 599) (485, 599)
(485, 599) (554, 607)
(485, 599) (461, 533)
(485, 599) (415, 599)
(485, 599) (435, 648)
(485, 599) (418, 576)
(485, 599) (435, 648)
(485, 599) (415, 599)
(485, 599) (415, 599)
(485, 599) (415, 599)
(485, 599) (415, 599)
(485, 599) (415, 599)
(485, 599) (415, 599)
(485, 599) (485, 599)
(485, 599) (415, 599)
(313, 524) (243, 524)
(313, 524) (243, 524)
(313, 524) (243, 524)
(313, 524) (243, 524)
(313, 524) (324, 593)
(313, 524) (297, 592)
(313, 524) (313, 524)
(313, 524) (243, 524)
(313, 524) (250, 555)
(313, 524) (313, 524)
(313, 524) (313, 524)
(313, 524) (243, 524)
(313, 524) (313, 524)
(313, 524) (313, 524)
(313, 524) (313, 594)
(313, 524) (243, 524)
(313, 524) (243, 524)
(313, 524) (243, 524)
(147, 15) (196, 64)
(147, 15) (191, 68)
(147, 15) (207, 51)
(147, 15) (212, 38)
(147, 15) (148, 84)
(147, 15) (88, -23)
(147, 15) (147, 15)
(147, 15) (217, 15)
(147, 15) (178, -48)
(147, 15) (196, 64)
(147, 15) (209, 46)
(147, 15) (205, 53)
(147, 15) (147, -55)
(147, 15) (217, 15)
(147, 15) (147, -55)
(147, 15) (196, -35)
(147, 15) (147, -55)
(147, 15) (115, -48)
Best 
 valPSNR [20.582909643318523, 31.97905218818208, 32.07770376166039, 32.10107152997963, 32.07132653912617]
valMax 32.10107152997963 pos 4
Imagen  3
First 
valPSNR [20.373455562780958, 33.45876258207296, 33.700855400834776, 33.64996615592541, 33.620762311941874]
valMax 33.700855400834776 pos 3
Parches valPSNR [20.373455562780958, 33.45876258207296, 33.700855400834776, 33.64996615592541, 33.620762311941874]
valMax 33.700855400834776 pos 3
valPSNR [20.513220064047836, 32.07403794356837, 32.178478372330666, 32.464379149189234, 32.48687695681435]
valMax 32.48687695681435 pos 5
Parche 
 valPSNR [20.53861444584173, 34.108633905158314, 34.289532081931114, 34.11614365768713, 34.08955653708829]
valMax 34.289532081931114 pos 3
shape 510 766 3
shape 510 766 3
shape 510 766 3
shape 510 766 3
shape 510 766 3
shape 510 766 3
[(194, 368), (154, 460), (438, 139)]
(194, 368) (225, 305)
(194, 368) (218, 302)
(194, 368) (200, 298)
(194, 368) (156, 309)
(194, 368) (206, 299)
(194, 368) (231, 427)
(194, 368) (155, 309)
(194, 368) (171, 301)
(194, 368) (243, 318)
(194, 368) (243, 318)
(194, 368) (256, 336)
(194, 368) (264, 368)
(194, 368) (194, 368)
(194, 368) (256, 336)
(194, 368) (194, 298)
(194, 368) (243, 318)
(194, 368) (162, 305)
(194, 368) (243, 417)
(154, 460) (154, 390)
(154, 460) (203, 410)
(154, 460) (104, 410)
(154, 460) (222, 472)
(154, 460) (85, 475)
(154, 460) (143, 390)
(154, 460) (203, 509)
(154, 460) (84, 460)
(154, 460) (154, 460)
(154, 460) (154, 530)
(154, 460) (154, 460)
(154, 460) (154, 460)
(154, 460) (154, 460)
(154, 460) (154, 460)
(154, 460) (154, 460)
(154, 460) (154, 460)
(154, 460) (154, 460)
(154, 460) (154, 460)
(438, 139) (500, 170)
(438, 139) (487, 188)
(438, 139) (487, 188)
(438, 139) (506, 123)
(438, 139) (494, 180)
(438, 139) (507, 135)
(438, 139) (508, 139)
(438, 139) (508, 139)
(438, 139) (438, 69)
(438, 139) (438, 139)
(438, 139) (438, 139)
(438, 139) (508, 139)
(438, 139) (508, 139)
(438, 139) (508, 139)
(438, 139) (487, 188)
(438, 139) (438, 139)
(438, 139) (487, 188)
(438, 139) (438, 209)
Best 
 valPSNR [20.373455562780958, 33.45876258207296, 33.700855400834776, 33.64996615592541, 33.620762311941874]
valMax 33.700855400834776 pos 3
Imagen  4
First 
valPSNR [20.342463333887395, 31.95673657212156, 32.05989100812114, 32.0700637989742, 32.015905949535515]
valMax 32.0700637989742 pos 4
Parches valPSNR [20.342463333887395, 31.95673657212156, 32.05989100812114, 32.0700637989742, 32.015905949535515]
valMax 32.0700637989742 pos 4
valPSNR [20.571656528192644, 28.162499612989826, 28.301025693253656, 28.427218139536148, 28.44006521448766]
valMax 28.44006521448766 pos 5
Parche 
 valPSNR [20.476299037365997, 33.01151756523051, 33.30702230030499, 33.25220146780987, 32.90307109070023]
valMax 33.30702230030499 pos 3
shape 766 510 3
shape 766 510 3
shape 766 510 3
shape 766 510 3
shape 766 510 3
shape 766 510 3
[(749, 192), (686, 499), (696, 209)]
(749, 192) (684, 166)
(749, 192) (693, 150)
(749, 192) (732, 124)
(749, 192) (818, 180)
(749, 192) (768, 259)
(749, 192) (813, 218)
(749, 192) (819, 192)
(749, 192) (749, 192)
(749, 192) (749, 192)
(749, 192) (798, 241)
(749, 192) (798, 241)
(749, 192) (699, 241)
(749, 192) (798, 241)
(749, 192) (798, 241)
(749, 192) (807, 230)
(749, 192) (749, 262)
(749, 192) (749, 192)
(749, 192) (798, 241)
(686, 499) (686, 429)
(686, 499) (686, 429)
(686, 499) (686, 429)
(686, 499) (750, 525)
(686, 499) (721, 559)
(686, 499) (752, 520)
(686, 499) (735, 548)
(686, 499) (735, 548)
(686, 499) (686, 499)
(686, 499) (748, 530)
(686, 499) (756, 499)
(686, 499) (735, 548)
(686, 499) (686, 499)
(686, 499) (735, 548)
(686, 499) (756, 499)
(686, 499) (616, 499)
(686, 499) (616, 499)
(686, 499) (616, 499)
(696, 209) (631, 181)
(696, 209) (628, 189)
(696, 209) (635, 173)
(696, 209) (676, 141)
(696, 209) (628, 189)
(696, 209) (720, 274)
(696, 209) (646, 258)
(696, 209) (633, 240)
(696, 209) (754, 170)
(696, 209) (766, 209)
(696, 209) (745, 159)
(696, 209) (734, 150)
(696, 209) (762, 231)
(696, 209) (754, 247)
(696, 209) (763, 192)
(696, 209) (696, 209)
(696, 209) (696, 209)
(696, 209) (646, 159)
Best 
 valPSNR [20.342463333887395, 31.95673657212156, 32.05989100812114, 32.0700637989742, 32.015905949535515]
valMax 32.0700637989742 pos 4
Imagen  5
First 
valPSNR [20.50856595299674, 28.675834745618616, 28.792827031529633, 28.804028498646264, 28.84844700769812]
valMax 28.84844700769812 pos 5
Parches valPSNR [20.50856595299674, 28.675834745618616, 28.792827031529633, 28.804028498646264, 28.84844700769812]
valMax 28.84844700769812 pos 5
valPSNR [20.733103692282832, 27.83497021389399, 27.998372112430484, 27.88811333395912, 28.103537527097796]
valMax 28.103537527097796 pos 5
Parche 
 valPSNR [20.662404233098375, 28.47331616360829, 28.545925250699025, 28.575696649987194, 28.59696894714686]
valMax 28.59696894714686 pos 5
shape 510 766 3
shape 510 766 3
shape 510 766 3
shape 510 766 3
shape 510 766 3
shape 510 766 3
[(302, 490), (110, 157), (106, 429)]
(302, 490) (234, 472)
(302, 490) (233, 477)
(302, 490) (232, 481)
(302, 490) (286, 421)
(302, 490) (232, 482)
(302, 490) (257, 436)
(302, 490) (302, 560)
(302, 490) (318, 557)
(302, 490) (317, 558)
(302, 490) (252, 539)
(302, 490) (290, 559)
(302, 490) (315, 558)
(302, 490) (246, 448)
(302, 490) (232, 501)
(302, 490) (252, 440)
(302, 490) (239, 521)
(302, 490) (252, 539)
(302, 490) (270, 552)
(110, 157) (123, 225)
(110, 157) (141, 219)
(110, 157) (132, 223)
(110, 157) (174, 185)
(110, 157) (43, 134)
(110, 157) (93, 225)
(110, 157) (159, 107)
(110, 157) (110, 87)
(110, 157) (159, 107)
(110, 157) (123, 225)
(110, 157) (123, 225)
(110, 157) (135, 221)
(110, 157) (132, 223)
(110, 157) (141, 219)
(110, 157) (159, 206)
(110, 157) (110, 227)
(110, 157) (110, 87)
(110, 157) (159, 206)
(106, 429) (38, 449)
(106, 429) (38, 446)
(106, 429) (39, 452)
(106, 429) (37, 443)
(106, 429) (108, 498)
(106, 429) (36, 432)
(106, 429) (52, 474)
(106, 429) (44, 462)
(106, 429) (49, 470)
(106, 429) (40, 454)
(106, 429) (39, 450)
(106, 429) (38, 447)
(106, 429) (45, 465)
(106, 429) (40, 453)
(106, 429) (41, 455)
(106, 429) (39, 450)
(106, 429) (37, 441)
(106, 429) (38, 447)
Best 
 valPSNR [20.50856595299674, 28.675834745618616, 28.792827031529633, 28.804028498646264, 28.84844700769812]
valMax 28.84844700769812 pos 5
Imagen  6
First 
valPSNR [20.409705727743194, 29.473166798727284, 29.563203764977505, 29.597985670645713, 29.631149334168576]
valMax 29.631149334168576 pos 5
Parches valPSNR [20.409705727743194, 29.473166798727284, 29.563203764977505, 29.597985670645713, 29.631149334168576]
valMax 29.631149334168576 pos 5
valPSNR [20.489739931443054, 26.725451291488763, 26.787814415721193, 26.832520345393036, 26.99576139028406]
valMax 26.99576139028406 pos 5
Parche 
 valPSNR [20.426953517737783, 32.55908852300753, 32.752400739785976, 32.8004050189665, 32.595689582873206]
valMax 32.8004050189665 pos 4
shape 510 766 3
shape 510 766 3
shape 510 766 3
shape 510 766 3
shape 510 766 3
shape 510 766 3
[(75, 174), (489, 516), (44, 733)]
(75, 174) (25, 124)
(75, 174) (75, 174)
(75, 174) (75, 174)
(75, 174) (132, 214)
(75, 174) (145, 174)
(75, 174) (25, 124)
(75, 174) (5, 174)
(75, 174) (75, 174)
(75, 174) (75, 244)
(75, 174) (75, 174)
(75, 174) (75, 174)
(75, 174) (75, 174)
(75, 174) (75, 174)
(75, 174) (75, 174)
(75, 174) (75, 174)
(75, 174) (5, 174)
(75, 174) (75, 174)
(75, 174) (75, 174)
(489, 516) (538, 565)
(489, 516) (538, 565)
(489, 516) (538, 565)
(489, 516) (440, 566)
(489, 516) (558, 520)
(489, 516) (534, 462)
(489, 516) (489, 446)
(489, 516) (477, 446)
(489, 516) (489, 446)
(489, 516) (489, 446)
(489, 516) (489, 446)
(489, 516) (475, 447)
(489, 516) (489, 446)
(489, 516) (489, 446)
(489, 516) (489, 446)
(489, 516) (489, 446)
(489, 516) (489, 446)
(489, 516) (489, 446)
(44, 733) (44, 663)
(44, 733) (44, 803)
(44, 733) (44, 803)
(44, 733) (-14, 772)
(44, 733) (29, 801)
(44, 733) (-7, 781)
(44, 733) (-26, 733)
(44, 733) (44, 803)
(44, 733) (114, 733)
(44, 733) (-26, 733)
(44, 733) (-26, 733)
(44, 733) (-26, 733)
(44, 733) (93, 782)
(44, 733) (114, 733)
(44, 733) (93, 782)
(44, 733) (44, 733)
(44, 733) (44, 733)
(44, 733) (44, 663)
Best 
 valPSNR [20.409705727743194, 29.473166798727284, 29.563203764977505, 29.597985670645713, 29.631149334168576]
valMax 29.631149334168576 pos 5
Imagen  7
First 
valPSNR [20.30001298891314, 33.014577892571026, 33.09867665537966, 33.12355664107174, 33.14597672753136]
valMax 33.14597672753136 pos 5
Parches valPSNR [20.30001298891314, 33.014577892571026, 33.09867665537966, 33.12355664107174, 33.14597672753136]
valMax 33.14597672753136 pos 5
valPSNR [20.557551428737476, 34.155972936962236, 33.84792047807003, 33.679013194468084, 33.47839976228777]
valMax 34.155972936962236 pos 2
Parche 
 valPSNR [20.273071688747475, 37.90618428819884, 38.01361016827682, 38.414428514473336, 37.79071908202133]
valMax 38.414428514473336 pos 4
shape 510 766 3
shape 510 766 3
shape 510 766 3
shape 510 766 3
shape 510 766 3
shape 510 766 3
[(415, 639), (226, 407), (153, 36)]
(415, 639) (363, 591)
(415, 639) (360, 595)
(415, 639) (352, 606)
(415, 639) (346, 624)
(415, 639) (456, 582)
(415, 639) (424, 708)
(415, 639) (381, 577)
(415, 639) (378, 579)
(415, 639) (415, 569)
(415, 639) (374, 582)
(415, 639) (372, 583)
(415, 639) (380, 578)
(415, 639) (381, 577)
(415, 639) (378, 579)
(415, 639) (356, 600)
(415, 639) (382, 576)
(415, 639) (376, 580)
(415, 639) (392, 572)
(226, 407) (242, 474)
(226, 407) (203, 473)
(226, 407) (191, 467)
(226, 407) (156, 411)
(226, 407) (294, 392)
(226, 407) (178, 355)
(226, 407) (226, 477)
(226, 407) (194, 469)
(226, 407) (182, 461)
(226, 407) (176, 357)
(226, 407) (163, 375)
(226, 407) (157, 420)
(226, 407) (226, 337)
(226, 407) (226, 337)
(226, 407) (158, 390)
(226, 407) (194, 469)
(226, 407) (176, 456)
(226, 407) (194, 469)
(153, 36) (83, 36)
(153, 36) (94, -3)
(153, 36) (90, 4)
(153, 36) (101, 83)
(153, 36) (87, 11)
(153, 36) (84, 22)
(153, 36) (153, 36)
(153, 36) (153, 106)
(153, 36) (153, 106)
(153, 36) (153, 36)
(153, 36) (153, 36)
(153, 36) (153, 36)
(153, 36) (153, 36)
(153, 36) (153, 36)
(153, 36) (202, 85)
(153, 36) (153, 36)
(153, 36) (153, 36)
(153, 36) (153, 36)
Best 
 valPSNR [20.30001298891314, 33.014577892571026, 33.09867665537966, 33.12355664107174, 33.14597672753136]
valMax 33.14597672753136 pos 5
Imagen  8
First 
valPSNR [20.44366832450043, 28.4843936623411, 28.507303231031923, 28.53832130323397, 28.54670313091496]
valMax 28.54670313091496 pos 5
Parches valPSNR [20.44366832450043, 28.4843936623411, 28.507303231031923, 28.53832130323397, 28.54670313091496]
valMax 28.54670313091496 pos 5
valPSNR [20.528142001466296, 27.334155300106822, 27.456789227495392, 27.59124161438397, 27.767081773047675]
valMax 27.767081773047675 pos 5
Parche 
 valPSNR [20.770559391209726, 31.749744511254363, 31.888569253039016, 31.756607484910198, 31.989645121141667]
valMax 31.989645121141667 pos 5
shape 510 766 3
shape 510 766 3
shape 510 766 3
shape 510 766 3
shape 510 766 3
shape 510 766 3
[(271, 554), (454, 117), (502, 491)]
(271, 554) (325, 597)
(271, 554) (329, 592)
(271, 554) (328, 594)
(271, 554) (340, 549)
(271, 554) (322, 601)
(271, 554) (306, 614)
(271, 554) (338, 573)
(271, 554) (339, 568)
(271, 554) (340, 562)
(271, 554) (340, 563)
(271, 554) (337, 574)
(271, 554) (338, 571)
(271, 554) (339, 570)
(271, 554) (338, 573)
(271, 554) (337, 575)
(271, 554) (340, 556)
(271, 554) (340, 562)
(271, 554) (340, 559)
(454, 117) (524, 117)
(454, 117) (524, 117)
(454, 117) (524, 117)
(454, 117) (384, 111)
(454, 117) (505, 164)
(454, 117) (409, 62)
(454, 117) (384, 117)
(454, 117) (404, 67)
(454, 117) (388, 92)
(454, 117) (389, 90)
(454, 117) (387, 94)
(454, 117) (396, 76)
(454, 117) (401, 70)
(454, 117) (407, 64)
(454, 117) (394, 80)
(454, 117) (384, 110)
(454, 117) (386, 97)
(454, 117) (391, 85)
(502, 491) (477, 425)
(502, 491) (483, 423)
(502, 491) (485, 422)
(502, 491) (499, 421)
(502, 491) (560, 452)
(502, 491) (432, 484)
(502, 491) (526, 425)
(502, 491) (514, 422)
(502, 491) (519, 423)
(502, 491) (516, 422)
(502, 491) (498, 421)
(502, 491) (484, 423)
(502, 491) (530, 427)
(502, 491) (517, 422)
(502, 491) (502, 421)
(502, 491) (527, 426)
(502, 491) (527, 426)
(502, 491) (518, 422)
Best 
 valPSNR [20.44366832450043, 28.4843936623411, 28.507303231031923, 28.53832130323397, 28.54670313091496]
valMax 28.54670313091496 pos 5
Imagen  9
First 
valPSNR [20.204157807362805, 33.10471868159161, 33.36775854613926, 33.40579422500552, 33.40974281622445]
valMax 33.40974281622445 pos 5
Parches valPSNR [20.204157807362805, 33.10471868159161, 33.36775854613926, 33.40579422500552, 33.40974281622445]
valMax 33.40974281622445 pos 5
valPSNR [20.2947297106884, 38.138653789101866, 38.79267385316161, 38.86171827463216, 38.90944902383528]
valMax 38.90944902383528 pos 5
Parche 
 valPSNR [20.570595908578508, 32.3220252161389, 32.57988520962132, 32.58225655240514, 32.537389246730214]
valMax 32.58225655240514 pos 4
shape 766 510 3
shape 766 510 3
shape 766 510 3
shape 766 510 3
shape 766 510 3
shape 766 510 3
[(323, 98), (104, 33), (110, 303)]
(323, 98) (393, 98)
(323, 98) (393, 98)
(323, 98) (253, 98)
(323, 98) (273, 48)
(323, 98) (361, 156)
(323, 98) (253, 89)
(323, 98) (273, 48)
(323, 98) (354, 160)
(323, 98) (372, 147)
(323, 98) (372, 147)
(323, 98) (372, 147)
(323, 98) (323, 168)
(323, 98) (323, 98)
(323, 98) (323, 98)
(323, 98) (323, 98)
(323, 98) (323, 98)
(323, 98) (372, 147)
(323, 98) (323, 98)
(104, 33) (54, -17)
(104, 33) (54, -17)
(104, 33) (54, -17)
(104, 33) (70, -29)
(104, 33) (137, 94)
(104, 33) (104, -37)
(104, 33) (34, 33)
(104, 33) (104, 103)
(104, 33) (54, 82)
(104, 33) (104, 103)
(104, 33) (104, 33)
(104, 33) (104, 103)
(104, 33) (104, 33)
(104, 33) (104, 33)
(104, 33) (104, 33)
(104, 33) (34, 33)
(104, 33) (104, 33)
(104, 33) (54, -17)
(110, 303) (87, 369)
(110, 303) (159, 352)
(110, 303) (135, 367)
(110, 303) (49, 267)
(110, 303) (176, 325)
(110, 303) (93, 235)
(110, 303) (60, 253)
(110, 303) (159, 253)
(110, 303) (180, 303)
(110, 303) (60, 253)
(110, 303) (110, 303)
(110, 303) (110, 303)
(110, 303) (110, 233)
(110, 303) (110, 303)
(110, 303) (110, 303)
(110, 303) (110, 303)
(110, 303) (110, 303)
(110, 303) (180, 303)
Best 
 valPSNR [20.204157807362805, 33.10471868159161, 33.36775854613926, 33.40579422500552, 33.40974281622445]
valMax 33.40974281622445 pos 5
Imagen  10
First 
valPSNR [20.236935542055047, 32.780146262759885, 33.09090471479452, 33.07775497030935, 33.08180524530578]
valMax 33.09090471479452 pos 3
Parches valPSNR [20.236935542055047, 32.780146262759885, 33.09090471479452, 33.07775497030935, 33.08180524530578]
valMax 33.09090471479452 pos 3
valPSNR [20.38292101463027, 35.55382446163546, 35.88074858038072, 35.83032163179641, 36.049676973724516]
valMax 36.049676973724516 pos 5
Parche 
 valPSNR [20.35907304043198, 32.811928187887645, 33.07063538268752, 32.90334226020717, 32.91958410546668]
valMax 33.07063538268752 pos 3
shape 766 510 3
shape 766 510 3
shape 766 510 3
shape 766 510 3
shape 766 510 3
shape 766 510 3
[(60, 0), (196, 2), (650, 463)]
(60, 0) (-10, 0)
(60, 0) (-10, 0)
(60, 0) (130, 0)
(60, 0) (26, -62)
(60, 0) (103, 54)
(60, 0) (122, 31)
(60, 0) (4, -42)
(60, 0) (10, -50)
(60, 0) (98, 58)
(60, 0) (-10, 0)
(60, 0) (60, 70)
(60, 0) (60, 70)
(60, 0) (-8, -17)
(60, 0) (10, 49)
(60, 0) (-10, 0)
(60, 0) (-10, 0)
(60, 0) (60, 0)
(60, 0) (-10, 0)
(196, 2) (126, 2)
(196, 2) (126, 2)
(196, 2) (126, 2)
(196, 2) (126, 5)
(196, 2) (126, -4)
(196, 2) (200, 71)
(196, 2) (128, 20)
(196, 2) (130, 26)
(196, 2) (131, 29)
(196, 2) (126, 8)
(196, 2) (126, 5)
(196, 2) (126, 11)
(196, 2) (126, 9)
(196, 2) (127, 14)
(196, 2) (133, 33)
(196, 2) (126, 8)
(196, 2) (126, 8)
(196, 2) (127, 14)
(650, 463) (597, 416)
(650, 463) (597, 416)
(650, 463) (618, 400)
(650, 463) (687, 403)
(650, 463) (591, 425)
(650, 463) (698, 412)
(650, 463) (613, 402)
(650, 463) (613, 402)
(650, 463) (633, 395)
(650, 463) (642, 393)
(650, 463) (641, 393)
(650, 463) (656, 393)
(650, 463) (621, 399)
(650, 463) (611, 404)
(650, 463) (633, 395)
(650, 463) (650, 393)
(650, 463) (650, 393)
(650, 463) (656, 393)
Best 
 valPSNR [20.236935542055047, 32.780146262759885, 33.09090471479452, 33.07775497030935, 33.08180524530578]
valMax 33.09090471479452 pos 3
Imagen  11
First 
valPSNR [20.438328435780008, 30.34996267329666, 30.48624829041726, 30.47892900626082, 30.581339723346268]
valMax 30.581339723346268 pos 5
Parches valPSNR [20.438328435780008, 30.34996267329666, 30.48624829041726, 30.47892900626082, 30.581339723346268]
valMax 30.581339723346268 pos 5
valPSNR [20.713713290340007, 27.945027116960915, 28.18895533552817, 28.209856593340707, 28.37867193882595]
valMax 28.37867193882595 pos 5
Parche 
 valPSNR [20.316489819356597, 31.156957855492063, 31.016799251787468, 31.06725449209486, 31.08095767129507]
valMax 31.156957855492063 pos 2
shape 510 766 3
shape 510 766 3
shape 510 766 3
shape 510 766 3
shape 510 766 3
shape 510 766 3
[(227, 456), (494, 655), (195, 607)]
(227, 456) (242, 524)
(227, 456) (261, 516)
(227, 456) (270, 510)
(227, 456) (216, 525)
(227, 456) (248, 522)
(227, 456) (276, 406)
(227, 456) (290, 485)
(227, 456) (291, 483)
(227, 456) (284, 495)
(227, 456) (289, 487)
(227, 456) (292, 480)
(227, 456) (295, 470)
(227, 456) (263, 516)
(227, 456) (270, 510)
(227, 456) (287, 490)
(227, 456) (285, 494)
(227, 456) (294, 475)
(227, 456) (294, 476)
(494, 655) (517, 720)
(494, 655) (517, 720)
(494, 655) (517, 720)
(494, 655) (431, 623)
(494, 655) (562, 639)
(494, 655) (494, 585)
(494, 655) (431, 686)
(494, 655) (424, 655)
(494, 655) (444, 704)
(494, 655) (444, 704)
(494, 655) (462, 717)
(494, 655) (471, 721)
(494, 655) (444, 704)
(494, 655) (424, 655)
(494, 655) (431, 686)
(494, 655) (424, 655)
(494, 655) (444, 704)
(494, 655) (431, 686)
(195, 607) (125, 609)
(195, 607) (125, 611)
(195, 607) (125, 609)
(195, 607) (147, 555)
(195, 607) (167, 671)
(195, 607) (204, 676)
(195, 607) (133, 640)
(195, 607) (142, 653)
(195, 607) (140, 650)
(195, 607) (127, 625)
(195, 607) (126, 622)
(195, 607) (132, 638)
(195, 607) (132, 639)
(195, 607) (135, 644)
(195, 607) (136, 645)
(195, 607) (132, 638)
(195, 607) (135, 643)
(195, 607) (143, 654)
Best 
 valPSNR [20.438328435780008, 30.34996267329666, 30.48624829041726, 30.47892900626082, 30.581339723346268]
valMax 30.581339723346268 pos 5
Imagen  12
First 
valPSNR [20.31790300397564, 32.67376538796601, 32.782140426425144, 32.88054599452777, 32.85337063091925]
valMax 32.88054599452777 pos 4
Parches valPSNR [20.31790300397564, 32.67376538796601, 32.782140426425144, 32.88054599452777, 32.85337063091925]
valMax 32.88054599452777 pos 4
valPSNR [20.56236430118732, 30.90339981315521, 31.04879858851048, 31.076895010031564, 31.190802750942147]
valMax 31.190802750942147 pos 5
Parche 
 valPSNR [20.390076467805734, 34.82695149037822, 34.956433976163304, 35.03617102878551, 35.03067961243782]
valMax 35.03617102878551 pos 4
shape 510 766 3
shape 510 766 3
shape 510 766 3
shape 510 766 3
shape 510 766 3
shape 510 766 3
[(368, 398), (193, 123), (415, 386)]
(368, 398) (406, 339)
(368, 398) (417, 348)
(368, 398) (430, 366)
(368, 398) (299, 382)
(368, 398) (300, 378)
(368, 398) (437, 405)
(368, 398) (298, 398)
(368, 398) (300, 414)
(368, 398) (298, 398)
(368, 398) (368, 328)
(368, 398) (318, 348)
(368, 398) (368, 328)
(368, 398) (336, 335)
(368, 398) (368, 328)
(368, 398) (368, 328)
(368, 398) (318, 348)
(368, 398) (368, 398)
(368, 398) (368, 398)
(193, 123) (209, 190)
(193, 123) (204, 192)
(193, 123) (204, 192)
(193, 123) (123, 123)
(193, 123) (126, 143)
(193, 123) (231, 181)
(193, 123) (197, 192)
(193, 123) (198, 192)
(193, 123) (198, 192)
(193, 123) (200, 192)
(193, 123) (200, 192)
(193, 123) (196, 192)
(193, 123) (200, 192)
(193, 123) (193, 193)
(193, 123) (204, 192)
(193, 123) (193, 193)
(193, 123) (188, 192)
(193, 123) (188, 192)
(415, 386) (453, 444)
(415, 386) (477, 417)
(415, 386) (477, 417)
(415, 386) (483, 400)
(415, 386) (413, 316)
(415, 386) (400, 317)
(415, 386) (345, 386)
(415, 386) (365, 435)
(415, 386) (352, 417)
(415, 386) (415, 456)
(415, 386) (415, 456)
(415, 386) (415, 386)
(415, 386) (345, 386)
(415, 386) (345, 386)
(415, 386) (345, 386)
(415, 386) (365, 336)
(415, 386) (365, 336)
(415, 386) (415, 386)
Best 
 valPSNR [20.31790300397564, 32.67376538796601, 32.782140426425144, 32.88054599452777, 32.85337063091925]
valMax 32.88054599452777 pos 4
Imagen  13
First 
valPSNR [20.39962856438379, 26.690899790654385, 26.889770018441634, 26.827145639824796, 26.93465085788357]
valMax 26.93465085788357 pos 5
Parches valPSNR [20.39962856438379, 26.690899790654385, 26.889770018441634, 26.827145639824796, 26.93465085788357]
valMax 26.93465085788357 pos 5
valPSNR [20.53967879055469, 27.76595582405761, 27.792827193098226, 27.727760064271433, 27.47322231298995]
valMax 27.792827193098226 pos 3
Parche 
 valPSNR [20.400714966303433, 26.8670755975768, 27.08249104880778, 27.037541587827683, 27.20221503126588]
valMax 27.20221503126588 pos 5
shape 510 766 3
shape 510 766 3
shape 510 766 3
shape 510 766 3
shape 510 766 3
shape 510 766 3
[(82, 213), (26, 669), (32, 343)]
(82, 213) (32, 163)
(82, 213) (45, 152)
(82, 213) (41, 155)
(82, 213) (127, 266)
(82, 213) (40, 156)
(82, 213) (113, 275)
(82, 213) (21, 249)
(82, 213) (12, 222)
(82, 213) (12, 213)
(82, 213) (82, 283)
(82, 213) (19, 181)
(82, 213) (32, 262)
(82, 213) (12, 213)
(82, 213) (14, 196)
(82, 213) (14, 196)
(82, 213) (23, 251)
(82, 213) (12, 213)
(82, 213) (12, 213)
(26, 669) (54, 733)
(26, 669) (45, 736)
(26, 669) (45, 736)
(26, 669) (-35, 704)
(26, 669) (84, 707)
(26, 669) (76, 717)
(26, 669) (54, 732)
(26, 669) (64, 727)
(26, 669) (49, 734)
(26, 669) (26, 739)
(26, 669) (7, 736)
(26, 669) (-6, 731)
(26, 669) (-34, 706)
(26, 669) (-38, 697)
(26, 669) (-33, 707)
(26, 669) (26, 739)
(26, 669) (20, 738)
(26, 669) (26, 739)
(32, 343) (-36, 362)
(32, 343) (32, 343)
(32, 343) (32, 343)
(32, 343) (102, 343)
(32, 343) (32, 343)
(32, 343) (-16, 291)
(32, 343) (6, 278)
(32, 343) (6, 278)
(32, 343) (9, 276)
(32, 343) (-18, 293)
(32, 343) (0, 280)
(32, 343) (32, 273)
(32, 343) (63, 405)
(32, 343) (32, 413)
(32, 343) (63, 405)
(32, 343) (-18, 293)
(32, 343) (-18, 293)
(32, 343) (-18, 293)
Best 
 valPSNR [20.39962856438379, 26.690899790654385, 26.889770018441634, 26.827145639824796, 26.93465085788357]
valMax 26.93465085788357 pos 5
Imagen  14
First 
valPSNR [20.43167240773635, 29.390187450356088, 29.578723473417305, 29.56521260963127, 29.702267249352175]
valMax 29.702267249352175 pos 5
Parches valPSNR [20.43167240773635, 29.390187450356088, 29.578723473417305, 29.56521260963127, 29.702267249352175]
valMax 29.702267249352175 pos 5
valPSNR [20.4228841138409, 29.210323442892353, 29.390807127414035, 29.363909088497454, 29.52781777811773]
valMax 29.52781777811773 pos 5
Parche 
 valPSNR [20.70002855229651, 29.38376542506484, 29.636309929636703, 29.580741380796326, 29.819930352964683]
valMax 29.819930352964683 pos 5
shape 510 766 3
shape 510 766 3
shape 510 766 3
shape 510 766 3
shape 510 766 3
shape 510 766 3
[(125, 266), (443, 659), (88, 159)]
(125, 266) (163, 324)
(125, 266) (165, 322)
(125, 266) (144, 333)
(125, 266) (166, 322)
(125, 266) (179, 309)
(125, 266) (175, 314)
(125, 266) (168, 320)
(125, 266) (156, 328)
(125, 266) (156, 328)
(125, 266) (181, 308)
(125, 266) (181, 308)
(125, 266) (178, 311)
(125, 266) (150, 330)
(125, 266) (150, 330)
(125, 266) (156, 328)
(125, 266) (163, 324)
(125, 266) (164, 323)
(125, 266) (162, 324)
(443, 659) (488, 712)
(443, 659) (487, 712)
(443, 659) (490, 710)
(443, 659) (511, 646)
(443, 659) (494, 706)
(443, 659) (476, 597)
(443, 659) (447, 728)
(443, 659) (436, 728)
(443, 659) (430, 727)
(443, 659) (474, 721)
(443, 659) (468, 723)
(443, 659) (479, 719)
(443, 659) (465, 725)
(443, 659) (461, 726)
(443, 659) (456, 727)
(443, 659) (503, 693)
(443, 659) (492, 708)
(443, 659) (492, 708)
(88, 159) (133, 212)
(88, 159) (140, 205)
(88, 159) (147, 196)
(88, 159) (142, 202)
(88, 159) (151, 187)
(88, 159) (60, 94)
(88, 159) (137, 208)
(88, 159) (147, 196)
(88, 159) (137, 208)
(88, 159) (113, 223)
(88, 159) (116, 222)
(88, 159) (104, 226)
(88, 159) (117, 222)
(88, 159) (119, 221)
(88, 159) (113, 224)
(88, 159) (116, 222)
(88, 159) (116, 222)
(88, 159) (119, 221)
Best 
 valPSNR [20.43167240773635, 29.390187450356088, 29.578723473417305, 29.56521260963127, 29.702267249352175]
valMax 29.702267249352175 pos 5
Imagen  15
First 
valPSNR [20.831241693497347, 31.379443374220855, 31.48962475828055, 31.455821469426137, 31.47427982080213]
valMax 31.48962475828055 pos 3
Parches valPSNR [20.831241693497347, 31.379443374220855, 31.48962475828055, 31.455821469426137, 31.47427982080213]
valMax 31.48962475828055 pos 3
valPSNR [21.569534667249805, 31.498806049754357, 31.51804343359499, 31.529693449247745, 31.520950590935392]
valMax 31.529693449247745 pos 4
Parche 
 valPSNR [21.168717020652174, 30.40527973677193, 30.483571794885172, 30.526158916682693, 30.51918529107806]
valMax 30.526158916682693 pos 4
shape 510 766 3
shape 510 766 3
shape 510 766 3
shape 510 766 3
shape 510 766 3
shape 510 766 3
[(256, 311), (44, 257), (200, 363)]
(256, 311) (217, 369)
(256, 311) (197, 272)
(256, 311) (217, 369)
(256, 311) (186, 305)
(256, 311) (200, 268)
(256, 311) (193, 280)
(256, 311) (186, 311)
(256, 311) (206, 261)
(256, 311) (186, 320)
(256, 311) (197, 272)
(256, 311) (189, 288)
(256, 311) (186, 322)
(256, 311) (206, 261)
(256, 311) (256, 241)
(256, 311) (186, 311)
(256, 311) (256, 241)
(256, 311) (287, 248)
(256, 311) (186, 311)
(44, 257) (114, 257)
(44, 257) (114, 257)
(44, 257) (114, 257)
(44, 257) (-26, 257)
(44, 257) (1, 312)
(44, 257) (-22, 232)
(44, 257) (44, 257)
(44, 257) (44, 257)
(44, 257) (93, 306)
(44, 257) (44, 187)
(44, 257) (44, 187)
(44, 257) (44, 257)
(44, 257) (44, 257)
(44, 257) (93, 306)
(44, 257) (44, 257)
(44, 257) (44, 327)
(44, 257) (44, 327)
(44, 257) (44, 327)
(200, 363) (200, 433)
(200, 363) (200, 433)
(200, 363) (200, 433)
(200, 363) (200, 293)
(200, 363) (200, 293)
(200, 363) (146, 317)
(200, 363) (200, 293)
(200, 363) (200, 363)
(200, 363) (150, 313)
(200, 363) (200, 363)
(200, 363) (200, 433)
(200, 363) (270, 363)
(200, 363) (130, 363)
(200, 363) (200, 433)
(200, 363) (150, 412)
(200, 363) (200, 433)
(200, 363) (130, 363)
(200, 363) (200, 433)
Best 
 valPSNR [20.831241693497347, 31.379443374220855, 31.48962475828055, 31.455821469426137, 31.47427982080213]
valMax 31.48962475828055 pos 3
Imagen  16
First 
valPSNR [20.267712500530322, 31.68670104474202, 31.858432060194293, 31.83278842153959, 31.863143631421952]
valMax 31.863143631421952 pos 5
Parches valPSNR [20.267712500530322, 31.68670104474202, 31.858432060194293, 31.83278842153959, 31.863143631421952]
valMax 31.863143631421952 pos 5
valPSNR [20.323171034811093, 37.041341884853466, 38.11623490288611, 38.13893494379936, 38.5056046394894]
valMax 38.5056046394894 pos 5
Parche 
 valPSNR [20.44352309727352, 32.398553497494184, 32.31271522644276, 32.38048891375683, 32.26713086787679]
valMax 32.398553497494184 pos 2
shape 510 766 3
shape 510 766 3
shape 510 766 3
shape 510 766 3
shape 510 766 3
shape 510 766 3
[(151, 707), (439, 506), (246, 240)]
(151, 707) (221, 707)
(151, 707) (221, 707)
(151, 707) (221, 707)
(151, 707) (185, 768)
(151, 707) (102, 656)
(151, 707) (91, 669)
(151, 707) (220, 695)
(151, 707) (216, 682)
(151, 707) (215, 679)
(151, 707) (218, 686)
(151, 707) (218, 690)
(151, 707) (215, 680)
(151, 707) (205, 663)
(151, 707) (200, 657)
(151, 707) (200, 657)
(151, 707) (182, 644)
(151, 707) (167, 639)
(151, 707) (151, 637)
(439, 506) (406, 567)
(439, 506) (407, 568)
(439, 506) (401, 565)
(439, 506) (439, 576)
(439, 506) (448, 436)
(439, 506) (369, 507)
(439, 506) (389, 555)
(439, 506) (397, 562)
(439, 506) (389, 555)
(439, 506) (376, 537)
(439, 506) (372, 528)
(439, 506) (379, 543)
(439, 506) (386, 552)
(439, 506) (383, 549)
(439, 506) (383, 548)
(439, 506) (412, 570)
(439, 506) (403, 566)
(439, 506) (409, 569)
(246, 240) (201, 293)
(246, 240) (211, 300)
(246, 240) (180, 264)
(246, 240) (279, 178)
(246, 240) (244, 170)
(246, 240) (308, 207)
(246, 240) (246, 170)
(246, 240) (295, 190)
(246, 240) (196, 190)
(246, 240) (246, 240)
(246, 240) (316, 240)
(246, 240) (316, 240)
(246, 240) (246, 240)
(246, 240) (304, 278)
(246, 240) (295, 289)
(246, 240) (295, 190)
(246, 240) (308, 271)
(246, 240) (316, 240)
Best 
 valPSNR [20.267712500530322, 31.68670104474202, 31.858432060194293, 31.83278842153959, 31.863143631421952]
valMax 31.863143631421952 pos 5
Imagen  17
First 
valPSNR [20.629174683920517, 31.777887760379606, 31.991520605037888, 32.00028210296966, 32.03077477979853]
valMax 32.03077477979853 pos 5
Parches valPSNR [20.629174683920517, 31.777887760379606, 31.991520605037888, 32.00028210296966, 32.03077477979853]
valMax 32.03077477979853 pos 5
valPSNR [21.060599630464537, 26.635248016882095, 26.957666728105934, 27.03217413094068, 27.185589586908947]
valMax 27.185589586908947 pos 5
Parche 
 valPSNR [20.37462407179536, 30.164052021378538, 30.479701370447376, 30.32109310500791, 30.499564289254245]
valMax 30.499564289254245 pos 5
shape 766 510 3
shape 766 510 3
shape 766 510 3
shape 766 510 3
shape 766 510 3
shape 766 510 3
[(659, 244), (445, 197), (546, 22)]
(659, 244) (708, 194)
(659, 244) (708, 194)
(659, 244) (708, 194)
(659, 244) (606, 289)
(659, 244) (627, 181)
(659, 244) (712, 288)
(659, 244) (600, 282)
(659, 244) (596, 275)
(659, 244) (609, 293)
(659, 244) (596, 275)
(659, 244) (636, 310)
(659, 244) (589, 244)
(659, 244) (609, 293)
(659, 244) (636, 310)
(659, 244) (627, 306)
(659, 244) (596, 212)
(659, 244) (589, 244)
(659, 244) (589, 244)
(445, 197) (483, 255)
(445, 197) (479, 257)
(445, 197) (470, 261)
(445, 197) (493, 247)
(445, 197) (411, 135)
(445, 197) (506, 230)
(445, 197) (461, 264)
(445, 197) (458, 265)
(445, 197) (464, 264)
(445, 197) (485, 253)
(445, 197) (472, 261)
(445, 197) (483, 255)
(445, 197) (494, 246)
(445, 197) (481, 257)
(445, 197) (470, 261)
(445, 197) (472, 261)
(445, 197) (467, 263)
(445, 197) (470, 261)
(546, 22) (546, -48)
(546, 22) (546, -48)
(546, 22) (546, -48)
(546, 22) (478, 42)
(546, 22) (613, 41)
(546, 22) (614, 36)
(546, 22) (616, 22)
(546, 22) (595, 71)
(546, 22) (546, 92)
(546, 22) (616, 22)
(546, 22) (595, 71)
(546, 22) (595, 71)
(546, 22) (616, 22)
(546, 22) (546, 22)
(546, 22) (546, 22)
(546, 22) (476, 22)
(546, 22) (546, 92)
(546, 22) (476, 22)
Best 
 valPSNR [20.629174683920517, 31.777887760379606, 31.991520605037888, 32.00028210296966, 32.03077477979853]
valMax 32.03077477979853 pos 5
Imagen  18
First 
valPSNR [20.534510769482477, 28.940515199109345, 29.139078891233513, 29.198465647204955, 29.28530533724293]
valMax 29.28530533724293 pos 5
Parches valPSNR [20.534510769482477, 28.940515199109345, 29.139078891233513, 29.198465647204955, 29.28530533724293]
valMax 29.28530533724293 pos 5
valPSNR [20.55205126191874, 31.989939796197355, 32.19368572065884, 32.379875126615694, 32.474515045511644]
valMax 32.474515045511644 pos 5
Parche 
 valPSNR [20.592603340254094, 29.297230410651988, 29.458630958985875, 29.39799593208597, 29.558717917831135]
valMax 29.558717917831135 pos 5
shape 766 510 3
shape 766 510 3
shape 766 510 3
shape 766 510 3
shape 766 510 3
shape 766 510 3
[(227, 271), (759, 430), (422, 377)]
(227, 271) (249, 337)
(227, 271) (217, 340)
(227, 271) (227, 341)
(227, 271) (290, 242)
(227, 271) (295, 286)
(227, 271) (286, 308)
(227, 271) (249, 337)
(227, 271) (211, 339)
(227, 271) (204, 337)
(227, 271) (258, 333)
(227, 271) (258, 333)
(227, 271) (254, 335)
(227, 271) (274, 322)
(227, 271) (278, 318)
(227, 271) (279, 317)
(227, 271) (240, 339)
(227, 271) (246, 338)
(227, 271) (246, 338)
(759, 430) (798, 372)
(759, 430) (802, 375)
(759, 430) (797, 371)
(759, 430) (828, 431)
(759, 430) (807, 379)
(759, 430) (826, 412)
(759, 430) (770, 361)
(759, 430) (778, 362)
(759, 430) (785, 365)
(759, 430) (812, 385)
(759, 430) (804, 377)
(759, 430) (805, 377)
(759, 430) (828, 434)
(759, 430) (828, 437)
(759, 430) (828, 432)
(759, 430) (803, 376)
(759, 430) (801, 374)
(759, 430) (799, 372)
(422, 377) (467, 430)
(422, 377) (468, 429)
(422, 377) (472, 425)
(422, 377) (462, 434)
(422, 377) (482, 412)
(422, 377) (479, 416)
(422, 377) (470, 427)
(422, 377) (474, 423)
(422, 377) (472, 425)
(422, 377) (485, 405)
(422, 377) (486, 405)
(422, 377) (485, 407)
(422, 377) (484, 409)
(422, 377) (480, 415)
(422, 377) (482, 412)
(422, 377) (485, 406)
(422, 377) (478, 418)
(422, 377) (476, 420)
Best 
 valPSNR [20.534510769482477, 28.940515199109345, 29.139078891233513, 29.198465647204955, 29.28530533724293]
valMax 29.28530533724293 pos 5
Imagen  19
First 
valPSNR [20.321082956903282, 30.88169997035585, 30.94699725608546, 30.956890803785335, 30.916956922935583]
valMax 30.956890803785335 pos 4
Parches valPSNR [20.321082956903282, 30.88169997035585, 30.94699725608546, 30.956890803785335, 30.916956922935583]
valMax 30.956890803785335 pos 4
valPSNR [20.616689980167102, 31.83927690394477, 32.016538987646484, 32.177176931149575, 32.215845961005016]
valMax 32.215845961005016 pos 5
Parche 
 valPSNR [20.638921652719247, 28.807603284533254, 29.082933928591057, 28.99313997819771, 29.16978111097484]
valMax 29.16978111097484 pos 5
shape 766 510 3
shape 766 510 3
shape 766 510 3
shape 766 510 3
shape 766 510 3
shape 766 510 3
[(445, 453), (511, 323), (269, 383)]
(445, 453) (375, 451)
(445, 453) (375, 452)
(445, 453) (375, 454)
(445, 453) (379, 478)
(445, 453) (375, 453)
(445, 453) (379, 429)
(445, 453) (375, 460)
(445, 453) (375, 459)
(445, 453) (375, 458)
(445, 453) (375, 459)
(445, 453) (375, 459)
(445, 453) (375, 455)
(445, 453) (375, 442)
(445, 453) (375, 441)
(445, 453) (376, 439)
(445, 453) (375, 442)
(445, 453) (375, 444)
(445, 453) (375, 443)
(511, 323) (441, 326)
(511, 323) (441, 323)
(511, 323) (441, 323)
(511, 323) (442, 310)
(511, 323) (452, 284)
(511, 323) (468, 378)
(511, 323) (442, 309)
(511, 323) (442, 310)
(511, 323) (442, 309)
(511, 323) (443, 303)
(511, 323) (441, 311)
(511, 323) (441, 315)
(511, 323) (443, 305)
(511, 323) (442, 307)
(511, 323) (442, 308)
(511, 323) (441, 313)
(511, 323) (441, 318)
(511, 323) (441, 318)
(269, 383) (339, 383)
(269, 383) (339, 383)
(269, 383) (339, 383)
(269, 383) (309, 326)
(269, 383) (331, 414)
(269, 383) (233, 322)
(269, 383) (219, 333)
(269, 383) (269, 313)
(269, 383) (269, 313)
(269, 383) (339, 383)
(269, 383) (339, 383)
(269, 383) (269, 313)
(269, 383) (199, 383)
(269, 383) (199, 383)
(269, 383) (219, 333)
(269, 383) (269, 383)
(269, 383) (269, 383)
(269, 383) (199, 383)
Best 
 valPSNR [20.321082956903282, 30.88169997035585, 30.94699725608546, 30.956890803785335, 30.916956922935583]
valMax 30.956890803785335 pos 4
Imagen  20
First 
valPSNR [21.40513104009177, 29.428782767688425, 29.490239469511558, 29.443131092503954, 29.47319814239244]
valMax 29.490239469511558 pos 3
Parches valPSNR [21.40513104009177, 29.428782767688425, 29.490239469511558, 29.443131092503954, 29.47319814239244]
valMax 29.490239469511558 pos 3
valPSNR [22.778312433975, 29.27642872192869, 29.37421602319307, 29.300949325228203, 29.377763397304115]
valMax 29.377763397304115 pos 5
Parche 
 valPSNR [21.07411523768862, 30.76727121417317, 30.941861313513016, 30.889319200457255, 30.93911899474889]
valMax 30.941861313513016 pos 3
shape 510 766 3
shape 510 766 3
shape 510 766 3
shape 510 766 3
shape 510 766 3
shape 510 766 3
[(236, 184), (224, 218), (250, 417)]
(236, 184) (231, 253)
(236, 184) (227, 253)
(236, 184) (231, 253)
(236, 184) (166, 185)
(236, 184) (186, 134)
(236, 184) (248, 252)
(236, 184) (191, 237)
(236, 184) (195, 240)
(236, 184) (195, 240)
(236, 184) (226, 253)
(236, 184) (216, 251)
(236, 184) (229, 253)
(236, 184) (198, 243)
(236, 184) (198, 243)
(236, 184) (207, 247)
(236, 184) (191, 237)
(236, 184) (191, 237)
(236, 184) (191, 237)
(224, 218) (174, 267)
(224, 218) (224, 288)
(224, 218) (174, 267)
(224, 218) (272, 268)
(224, 218) (270, 269)
(224, 218) (260, 158)
(224, 218) (192, 280)
(224, 218) (201, 284)
(224, 218) (174, 267)
(224, 218) (224, 218)
(224, 218) (224, 218)
(224, 218) (224, 218)
(224, 218) (157, 195)
(224, 218) (163, 181)
(224, 218) (286, 249)
(224, 218) (294, 218)
(224, 218) (288, 243)
(224, 218) (286, 249)
(250, 417) (320, 417)
(250, 417) (320, 417)
(250, 417) (250, 417)
(250, 417) (196, 372)
(250, 417) (320, 417)
(250, 417) (250, 487)
(250, 417) (200, 466)
(250, 417) (250, 487)
(250, 417) (250, 487)
(250, 417) (250, 417)
(250, 417) (250, 487)
(250, 417) (250, 417)
(250, 417) (250, 417)
(250, 417) (180, 417)
(250, 417) (250, 417)
(250, 417) (250, 487)
(250, 417) (180, 417)
(250, 417) (250, 417)
Best 
 valPSNR [21.40513104009177, 29.428782767688425, 29.490239469511558, 29.443131092503954, 29.47319814239244]
valMax 29.490239469511558 pos 3
Imagen  21
First 
valPSNR [20.26020675998174, 30.215786972781874, 30.434330900570398, 30.43493126414773, 30.57291533040364]
valMax 30.57291533040364 pos 5
Parches valPSNR [20.26020675998174, 30.215786972781874, 30.434330900570398, 30.43493126414773, 30.57291533040364]
valMax 30.57291533040364 pos 5
valPSNR [20.62513439243552, 30.722801504739188, 30.608002231445827, 30.85392862642006, 30.853146183830095]
valMax 30.85392862642006 pos 4
Parche 
 valPSNR [20.701201627978346, 28.220660827706045, 28.42260754716021, 28.399091621681517, 28.515868191892814]
valMax 28.515868191892814 pos 5
shape 510 766 3
shape 510 766 3
shape 510 766 3
shape 510 766 3
shape 510 766 3
shape 510 766 3
[(222, 399), (406, 517), (346, 514)]
(222, 399) (212, 329)
(222, 399) (172, 349)
(222, 399) (159, 430)
(222, 399) (196, 333)
(222, 399) (155, 376)
(222, 399) (207, 330)
(222, 399) (271, 448)
(222, 399) (222, 469)
(222, 399) (244, 465)
(222, 399) (271, 448)
(222, 399) (271, 448)
(222, 399) (280, 437)
(222, 399) (271, 448)
(222, 399) (271, 448)
(222, 399) (271, 448)
(222, 399) (222, 469)
(222, 399) (284, 430)
(222, 399) (271, 448)
(406, 517) (449, 461)
(406, 517) (448, 461)
(406, 517) (449, 462)
(406, 517) (468, 484)
(406, 517) (471, 492)
(406, 517) (463, 476)
(406, 517) (453, 465)
(406, 517) (449, 462)
(406, 517) (454, 466)
(406, 517) (457, 469)
(406, 517) (453, 465)
(406, 517) (451, 463)
(406, 517) (461, 473)
(406, 517) (448, 461)
(406, 517) (432, 452)
(406, 517) (468, 484)
(406, 517) (466, 482)
(406, 517) (465, 479)
(346, 514) (408, 544)
(346, 514) (409, 543)
(346, 514) (411, 539)
(346, 514) (412, 535)
(346, 514) (414, 530)
(346, 514) (385, 571)
(346, 514) (413, 532)
(346, 514) (413, 533)
(346, 514) (413, 532)
(346, 514) (411, 537)
(346, 514) (410, 540)
(346, 514) (410, 542)
(346, 514) (413, 531)
(346, 514) (411, 538)
(346, 514) (408, 544)
(346, 514) (415, 521)
(346, 514) (415, 524)
(346, 514) (414, 527)
Best 
 valPSNR [20.26020675998174, 30.215786972781874, 30.434330900570398, 30.43493126414773, 30.57291533040364]
valMax 30.57291533040364 pos 5
Imagen  22
First 
valPSNR [20.276825194921628, 30.139316045933256, 30.302957472822794, 30.35452286760465, 30.45811331455274]
valMax 30.45811331455274 pos 5
Parches valPSNR [20.276825194921628, 30.139316045933256, 30.302957472822794, 30.35452286760465, 30.45811331455274]
valMax 30.45811331455274 pos 5
valPSNR [20.924461881243943, 29.31512771943234, 29.420134081112195, 29.43847643137137, 29.476212556548425]
valMax 29.476212556548425 pos 5
Parche 
 valPSNR [20.422737429844705, 31.735813608536848, 31.9473326172606, 32.01403131644007, 32.021735760320745]
valMax 32.021735760320745 pos 5
shape 510 766 3
shape 510 766 3
shape 510 766 3
shape 510 766 3
shape 510 766 3
shape 510 766 3
[(463, 84), (97, 184), (67, 217)]
(463, 84) (399, 55)
(463, 84) (397, 60)
(463, 84) (398, 58)
(463, 84) (528, 109)
(463, 84) (528, 107)
(463, 84) (502, 141)
(463, 84) (396, 106)
(463, 84) (413, 133)
(463, 84) (440, 150)
(463, 84) (533, 84)
(463, 84) (525, 52)
(463, 84) (525, 52)
(463, 84) (393, 84)
(463, 84) (393, 72)
(463, 84) (393, 84)
(463, 84) (393, 84)
(463, 84) (463, 14)
(463, 84) (463, 84)
(97, 184) (97, 184)
(97, 184) (47, 134)
(97, 184) (47, 134)
(97, 184) (40, 142)
(97, 184) (130, 245)
(97, 184) (116, 251)
(97, 184) (97, 254)
(97, 184) (97, 254)
(97, 184) (119, 250)
(97, 184) (153, 226)
(97, 184) (153, 224)
(97, 184) (140, 238)
(97, 184) (146, 233)
(97, 184) (159, 215)
(97, 184) (146, 233)
(97, 184) (97, 254)
(97, 184) (97, 254)
(97, 184) (116, 251)
(67, 217) (9, 176)
(67, 217) (6, 181)
(67, 217) (14, 170)
(67, 217) (-3, 205)
(67, 217) (100, 155)
(67, 217) (18, 166)
(67, 217) (5, 183)
(67, 217) (-3, 226)
(67, 217) (25, 161)
(67, 217) (14, 170)
(67, 217) (-1, 197)
(67, 217) (17, 167)
(67, 217) (38, 153)
(67, 217) (67, 147)
(67, 217) (116, 167)
(67, 217) (27, 159)
(67, 217) (51, 148)
(67, 217) (73, 147)
Best 
 valPSNR [20.276825194921628, 30.139316045933256, 30.302957472822794, 30.35452286760465, 30.45811331455274]
valMax 30.45811331455274 pos 5
Imagen  23
First 
valPSNR [20.382292727076003, 33.86308498443413, 33.980783826323695, 33.98861821844368, 34.058639930827106]
valMax 34.058639930827106 pos 5
Parches valPSNR [20.382292727076003, 33.86308498443413, 33.980783826323695, 33.98861821844368, 34.058639930827106]
valMax 34.058639930827106 pos 5
valPSNR [20.451979944357248, 37.74424781098949, 37.85967907247292, 37.9650770507157, 38.0464761940089]
valMax 38.0464761940089 pos 5
Parche 
 valPSNR [20.357472462799066, 36.13461831439044, 36.082893202264316, 36.02016994961537, 36.36695651445316]
valMax 36.36695651445316 pos 5
shape 510 766 3
shape 510 766 3
shape 510 766 3
shape 510 766 3
shape 510 766 3
shape 510 766 3
[(14, 249), (351, 21), (42, 154)]
(14, 249) (14, 319)
(14, 249) (14, 319)
(14, 249) (14, 319)
(14, 249) (61, 300)
(14, 249) (-48, 282)
(14, 249) (83, 245)
(14, 249) (14, 249)
(14, 249) (-56, 249)
(14, 249) (-36, 298)
(14, 249) (-56, 249)
(14, 249) (-56, 249)
(14, 249) (-56, 249)
(14, 249) (-56, 249)
(14, 249) (-18, 311)
(14, 249) (-56, 249)
(14, 249) (-56, 249)
(14, 249) (-36, 298)
(14, 249) (14, 319)
(351, 21) (421, 21)
(351, 21) (421, 21)
(351, 21) (421, 21)
(351, 21) (412, 55)
(351, 21) (318, -41)
(351, 21) (407, 62)
(351, 21) (351, 21)
(351, 21) (351, 91)
(351, 21) (351, 21)
(351, 21) (281, 21)
(351, 21) (301, 70)
(351, 21) (301, 70)
(351, 21) (281, 21)
(351, 21) (301, 70)
(351, 21) (351, 21)
(351, 21) (351, 21)
(351, 21) (281, 21)
(351, 21) (351, 91)
(42, 154) (-28, 154)
(42, 154) (-28, 154)
(42, 154) (-28, 154)
(42, 154) (30, 85)
(42, 154) (-23, 181)
(42, 154) (1, 210)
(42, 154) (-8, 203)
(42, 154) (-8, 203)
(42, 154) (42, 224)
(42, 154) (-8, 104)
(42, 154) (42, 154)
(42, 154) (-28, 154)
(42, 154) (42, 224)
(42, 154) (42, 224)
(42, 154) (-8, 203)
(42, 154) (-28, 154)
(42, 154) (42, 224)
(42, 154) (42, 224)
Best 
 valPSNR [20.382292727076003, 33.86308498443413, 33.980783826323695, 33.98861821844368, 34.058639930827106]
valMax 34.058639930827106 pos 5
Imagen  24
First 
valPSNR [20.372133379581697, 28.973974303848674, 29.18407888207377, 29.182506028093655, 29.27163233202718]
valMax 29.27163233202718 pos 5
Parches valPSNR [20.372133379581697, 28.973974303848674, 29.18407888207377, 29.182506028093655, 29.27163233202718]
valMax 29.27163233202718 pos 5
valPSNR [20.410474468659462, 30.87299960759974, 31.313467478607897, 31.287935822824856, 31.490355587822076]
valMax 31.490355587822076 pos 5
Parche 
 valPSNR [20.435454414626673, 29.607553723531108, 29.740501015700097, 29.81125589561136, 30.04399202536071]
valMax 30.04399202536071 pos 5
shape 510 766 3
shape 510 766 3
shape 510 766 3
shape 510 766 3
shape 510 766 3
shape 510 766 3
[(263, 147), (460, 608), (300, 140)]
(263, 147) (312, 97)
(263, 147) (311, 96)
(263, 147) (313, 98)
(263, 147) (323, 112)
(263, 147) (330, 163)
(263, 147) (265, 77)
(263, 147) (319, 105)
(263, 147) (310, 95)
(263, 147) (315, 101)
(263, 147) (307, 93)
(263, 147) (307, 93)
(263, 147) (304, 90)
(263, 147) (326, 116)
(263, 147) (313, 98)
(263, 147) (311, 96)
(263, 147) (297, 85)
(263, 147) (294, 84)
(263, 147) (300, 88)
(460, 608) (460, 608)
(460, 608) (460, 608)
(460, 608) (460, 608)
(460, 608) (509, 558)
(460, 608) (452, 538)
(460, 608) (395, 580)
(460, 608) (460, 608)
(460, 608) (509, 657)
(460, 608) (460, 538)
(460, 608) (410, 558)
(460, 608) (460, 538)
(460, 608) (460, 538)
(460, 608) (460, 608)
(460, 608) (530, 608)
(460, 608) (530, 608)
(460, 608) (460, 608)
(460, 608) (530, 608)
(460, 608) (460, 608)
(300, 140) (250, 90)
(300, 140) (250, 90)
(300, 140) (250, 90)
(300, 140) (352, 186)
(300, 140) (331, 202)
(300, 140) (353, 95)
(300, 140) (362, 108)
(300, 140) (349, 90)
(300, 140) (367, 120)
(300, 140) (366, 117)
(300, 140) (360, 105)
(300, 140) (362, 108)
(300, 140) (368, 126)
(300, 140) (370, 140)
(300, 140) (364, 112)
(300, 140) (349, 189)
(300, 140) (300, 210)
(300, 140) (322, 206)
Best 
 valPSNR [20.372133379581697, 28.973974303848674, 29.18407888207377, 29.182506028093655, 29.27163233202718]
valMax 29.27163233202718 pos 5
kodim1  &  0.1616  &  1.3584  &  0.3030  &  0.2672  &  0.2627  &  0.1720  \\
kodim2  &  0.4171  &  1.5114  &  0.4442  &  0.3894  &  0.3715  &  0.3137  \\
kodim3  &  0.2476  &  1.5166  &  0.4671  &  0.3427  &  0.2885  &  0.2353  \\
kodim4  &  0.3105  &  1.5107  &  0.4809  &  0.3908  &  0.3419  &  0.3142  \\
kodim5  &  0.2544  &  1.3654  &  0.3574  &  0.3298  &  0.3258  &  0.2796  \\
kodim6  &  0.1775  &  1.3980  &  0.3196  &  0.2644  &  0.2210  &  0.1735  \\
kodim7  &  0.2706  &  1.4983  &  0.4136  &  0.3196  &  0.2953  &  0.2409  \\
kodim8  &  0.1958  &  1.2952  &  0.2980  &  0.2843  &  0.2633  &  0.2394  \\
kodim9  &  0.2854  &  1.5078  &  0.3989  &  0.2818  &  0.2242  &  0.1745  \\
kodim10  &  0.2862  &  1.5099  &  0.4352  &  0.3493  &  0.2784  &  0.2244  \\
kodim11  &  0.2180  &  1.4529  &  0.3738  &  0.3216  &  0.2795  &  0.2376  \\
kodim12  &  0.2283  &  1.5048  &  0.4121  &  0.3104  &  0.2616  &  0.2187  \\
kodim13  &  0.1553  &  1.2898  &  0.2798  &  0.2559  &  0.2500  &  0.1896  \\
kodim14  &  0.2531  &  1.4461  &  0.3974  &  0.3503  &  0.3286  &  0.2972  \\
kodim15  &  0.2631  &  1.4676  &  0.4256  &  0.3397  &  0.2800  &  0.2489  \\
kodim16  &  0.2126  &  1.4890  &  0.3156  &  0.2836  &  0.2341  &  0.2030  \\
kodim17  &  0.2484  &  1.4828  &  0.3227  &  0.2698  &  0.2274  &  0.1909  \\
kodim18  &  0.2915  &  1.4248  &  0.3419  &  0.3299  &  0.2953  &  0.2660  \\
kodim19  &  0.2698  &  1.4421  &  0.3857  &  0.2947  &  0.2766  &  0.2323  \\
kodim20  &  0.1421  &  1.3495  &  0.2509  &  0.1863  &  0.1747  &  0.1373  \\
kodim21  &  0.2816  &  1.4438  &  0.4202  &  0.2826  &  0.2451  &  0.1845  \\
kodim22  &  0.3326  &  1.4812  &  0.4378  &  0.3777  &  0.3428  &  0.3107  \\
kodim23  &  0.3871  &  1.5245  &  0.5785  &  0.4737  &  0.4015  &  0.3581  \\
kodim24  &  0.2210  &  1.4079  &  0.3784  &  0.3633  &  0.2971  &  0.2797  \\
kodim25  &  0.2546  &  1.4449  &  0.3849  &  0.3191  &  0.2820  &  0.2384  \\
