Imagen  1
./432B/BestPnsrden15_P432Blamb0/BestPnsrden15_P432B_0kodim1.png
./432B/BestPnsrden15_P432Blamb0/BestIMGP432B_0kodim1.png
./420/BestPnsrden15_P420lamb0.005/BestPnsrden15_P420_0.005kodim1.png
./420/BestPnsrden15_P420lamb0.005/BestIMGP420_0.005kodim1.png
./430C/BestPnsrden15_P430Clamb0.0075/BestPnsrden15_P430C_0.0075kodim1.png
./430C/BestPnsrden15_P430Clamb0.0075/BestIMGP430C_0.0075kodim1.png
./430B/BestPnsrden15_P430Blamb0.01/BestPnsrden15_P430B_0.01kodim1.png
./430B/BestPnsrden15_P430Blamb0.01/BestIMGP430B_0.01kodim1.png
First 
valPSNR [24.639888125827774, 30.82212845609686, 30.854635570789476, 30.79198849950981, 31.10859681666586]
valMax 31.10859681666586 pos 5
Parches valPSNR [24.639888125827774, 30.82212845609686, 30.854635570789476, 30.79198849950981, 31.10859681666586]
valMax 31.10859681666586 pos 5
valPSNR [24.819810638224485, 30.070518100220767, 30.101674438246448, 29.992898463319634, 30.48177070549854]
valMax 30.48177070549854 pos 5
Parche 
 valPSNR [24.795242654779823, 30.09906419375759, 30.08146746944191, 30.040789885432186, 30.385442042059417]
valMax 30.385442042059417 pos 5
contador 0
contador 0
contador 0
contador 0
contador 0
contador 0
[(68, 486), (491, 379), (362, 306), (100, 496), (375, 168), (394, 42)]
(68, 486) (68, 416)
(68, 486) (68, 416)
(68, 486) (68, 416)
(68, 486) (137, 494)
(68, 486) (10, 445)
(68, 486) (45, 552)
(68, 486) (138, 486)
(68, 486) (68, 416)
(68, 486) (117, 535)
(68, 486) (-2, 486)
(68, 486) (68, 486)
(68, 486) (90, 419)
(68, 486) (68, 486)
(68, 486) (68, 416)
(68, 486) (117, 535)
(68, 486) (18, 436)
(68, 486) (68, 486)
(68, 486) (68, 556)
(491, 379) (422, 394)
(491, 379) (423, 395)
(491, 379) (431, 416)
(491, 379) (560, 389)
(491, 379) (468, 312)
(491, 379) (504, 447)
(491, 379) (558, 395)
(491, 379) (558, 395)
(491, 379) (545, 422)
(491, 379) (540, 329)
(491, 379) (510, 311)
(491, 379) (559, 392)
(491, 379) (540, 329)
(491, 379) (560, 390)
(491, 379) (557, 401)
(491, 379) (549, 340)
(491, 379) (557, 356)
(491, 379) (557, 356)
(362, 306) (293, 292)
(362, 306) (295, 283)
(362, 306) (312, 256)
(362, 306) (372, 375)
(362, 306) (312, 256)
(362, 306) (394, 244)
(362, 306) (292, 296)
(362, 306) (299, 274)
(362, 306) (312, 256)
(362, 306) (295, 283)
(362, 306) (299, 337)
(362, 306) (312, 256)
(362, 306) (312, 256)
(362, 306) (292, 306)
(362, 306) (362, 306)
(362, 306) (299, 274)
(362, 306) (292, 306)
(362, 306) (432, 306)
(100, 496) (35, 470)
(100, 496) (30, 496)
(100, 496) (122, 429)
(100, 496) (105, 565)
(100, 496) (65, 435)
(100, 496) (167, 514)
(100, 496) (33, 518)
(100, 496) (32, 479)
(100, 496) (61, 437)
(100, 496) (30, 496)
(100, 496) (30, 496)
(100, 496) (167, 512)
(100, 496) (50, 545)
(100, 496) (30, 496)
(100, 496) (158, 534)
(100, 496) (100, 566)
(100, 496) (50, 545)
(100, 496) (149, 545)
(375, 168) (384, 237)
(375, 168) (391, 235)
(375, 168) (384, 237)
(375, 168) (402, 232)
(375, 168) (351, 234)
(375, 168) (306, 181)
(375, 168) (441, 190)
(375, 168) (441, 145)
(375, 168) (406, 230)
(375, 168) (311, 196)
(375, 168) (306, 183)
(375, 168) (306, 181)
(375, 168) (332, 223)
(375, 168) (310, 194)
(375, 168) (310, 193)
(375, 168) (337, 227)
(375, 168) (321, 213)
(375, 168) (330, 221)
(394, 42) (352, -15)
(394, 42) (352, -14)
(394, 42) (347, -11)
(394, 42) (328, 17)
(394, 42) (402, -28)
(394, 42) (387, -28)
(394, 42) (358, -19)
(394, 42) (340, -4)
(394, 42) (339, -2)
(394, 42) (342, -6)
(394, 42) (337, 0)
(394, 42) (340, -4)
(394, 42) (342, -6)
(394, 42) (336, 1)
(394, 42) (346, -10)
(394, 42) (362, -21)
(394, 42) (353, -16)
(394, 42) (362, -21)
Best 
 valPSNR [24.639888125827774, 30.82212845609686, 30.854635570789476, 30.79198849950981, 31.10859681666586]
valMax 31.10859681666586 pos 5
