Imagen  1
First valPSNR [23.252497469435255, 25.808848553026394, 26.071390142530333, 26.0520536966782, 26.02910567954716]
valMax 26.071390142530333 pos 3
[23.252497469435255, 25.808848553026394, 26.071390142530333, 26.0520536966782, 26.02910567954716]
26.071390142530333
3
[26.79067832586126, 30.55731026804341, 30.83148604684803, 30.75853691212191, 30.960064468917228]
30.960064468917228
5
[25.11591081624633, 27.976218854316045, 28.57275197369345, 28.584600675365547, 28.544344411264472]
28.584600675365547
4
shape 20 32 3
shape 254 382 3
shape 254 382 3
shape 254 382 3
shape 254 382 3
shape 254 382 3
shape 254 382 3
[(247, 361), (166, 103), (202, 101)]
(247, 361) (282, 396)
(247, 361) (282, 396)
(247, 361) (282, 396)
(247, 361) (262, 313)
(247, 361) (224, 405)
(247, 361) (238, 311)
(247, 361) (282, 396)
(247, 361) (297, 361)
(247, 361) (282, 396)
(247, 361) (297, 361)
(247, 361) (282, 396)
(247, 361) (247, 411)
(247, 361) (297, 361)
(247, 361) (247, 411)
(247, 361) (247, 411)
(247, 361) (269, 405)
(247, 361) (262, 408)
(247, 361) (282, 396)
(166, 103) (216, 103)
(166, 103) (215, 93)
(166, 103) (213, 87)
(166, 103) (166, 53)
(166, 103) (121, 80)
(166, 103) (166, 53)
(166, 103) (175, 53)
(166, 103) (166, 53)
(166, 103) (166, 53)
(166, 103) (153, 54)
(166, 103) (152, 54)
(166, 103) (166, 53)
(166, 103) (140, 60)
(166, 103) (146, 57)
(166, 103) (147, 56)
(166, 103) (143, 58)
(166, 103) (140, 60)
(166, 103) (147, 56)
(202, 101) (153, 111)
(202, 101) (250, 114)
(202, 101) (250, 113)
(202, 101) (217, 53)
(202, 101) (202, 51)
(202, 101) (251, 110)
(202, 101) (214, 149)
(202, 101) (209, 150)
(202, 101) (207, 150)
(202, 101) (247, 121)
(202, 101) (242, 130)
(202, 101) (245, 124)
(202, 101) (251, 92)
(202, 101) (252, 101)
(202, 101) (251, 93)
(202, 101) (249, 85)
(202, 101) (252, 101)
(202, 101) (252, 101)
[23.252497469435255, 25.808848553026394, 26.071390142530333, 26.0520536966782, 26.02910567954716]
26.071390142530333
3
Imagen  2
First valPSNR [29.466253353131723, 32.00762750026764, 32.24094060040472, 32.419717556308434, 32.41954083783598]
valMax 32.419717556308434 pos 4
[29.466253353131723, 32.00762750026764, 32.24094060040472, 32.419717556308434, 32.41954083783598]
32.419717556308434
4
[28.5486280856925, 31.312589036573183, 32.14869385710864, 32.381880675122126, 32.17940902387214]
32.381880675122126
4
[32.7570470760413, 34.317858662277956, 34.66306049799803, 34.784950279522334, 34.78330606788627]
34.784950279522334
4
shape 20 32 3
shape 254 382 3
shape 254 382 3
shape 254 382 3
shape 254 382 3
shape 254 382 3
shape 254 382 3
[(190, 164), (36, 66), (56, 266)]
(190, 164) (142, 148)
(190, 164) (145, 141)
(190, 164) (171, 117)
(190, 164) (160, 124)
(190, 164) (240, 164)
(190, 164) (190, 164)
(190, 164) (203, 115)
(190, 164) (190, 114)
(190, 164) (205, 116)
(190, 164) (195, 114)
(190, 164) (190, 114)
(190, 164) (186, 114)
(190, 164) (200, 115)
(190, 164) (203, 115)
(190, 164) (194, 114)
(190, 164) (190, 114)
(190, 164) (202, 115)
(190, 164) (202, 115)
(36, 66) (20, 18)
(36, 66) (0, 30)
(36, 66) (77, 38)
(36, 66) (-9, 43)
(36, 66) (13, 21)
(36, 66) (13, 21)
(36, 66) (66, 26)
(36, 66) (71, 30)
(36, 66) (85, 59)
(36, 66) (-9, 43)
(36, 66) (36, 66)
(36, 66) (63, 24)
(36, 66) (36, 66)
(36, 66) (0, 30)
(36, 66) (80, 88)
(36, 66) (71, 30)
(36, 66) (86, 66)
(36, 66) (71, 30)
(56, 266) (6, 270)
(56, 266) (6, 270)
(56, 266) (6, 264)
(56, 266) (6, 266)
(56, 266) (33, 310)
(56, 266) (40, 313)
(56, 266) (20, 301)
(56, 266) (17, 298)
(56, 266) (11, 288)
(56, 266) (23, 303)
(56, 266) (16, 296)
(56, 266) (31, 309)
(56, 266) (16, 296)
(56, 266) (20, 301)
(56, 266) (11, 288)
(56, 266) (20, 301)
(56, 266) (23, 303)
(56, 266) (16, 296)
[29.466253353131723, 32.00762750026764, 32.24094060040472, 32.419717556308434, 32.41954083783598]
32.419717556308434
4
Imagen  3
First valPSNR [29.729452277479318, 32.99668797204545, 33.46662631397679, 33.48034800647979, 33.6361225709204]
valMax 33.6361225709204 pos 5
[29.729452277479318, 32.99668797204545, 33.46662631397679, 33.48034800647979, 33.6361225709204]
33.6361225709204
5
[23.606420007051923, 28.345995703284025, 28.94805134701653, 29.015050106198053, 29.164072970811734]
29.164072970811734
5
[29.770722610933646, 33.89986677187806, 34.37545363613646, 34.27732767384322, 34.702803796617864]
34.702803796617864
5
shape 20 32 3
shape 254 382 3
shape 254 382 3
shape 254 382 3
shape 254 382 3
shape 254 382 3
shape 254 382 3
[(184, 166), (218, 371), (6, 340)]
(184, 166) (231, 150)
(184, 166) (231, 181)
(184, 166) (225, 193)
(184, 166) (142, 138)
(184, 166) (224, 196)
(184, 166) (219, 201)
(184, 166) (156, 124)
(184, 166) (219, 130)
(184, 166) (171, 117)
(184, 166) (184, 166)
(184, 166) (134, 166)
(184, 166) (234, 166)
(184, 166) (161, 121)
(184, 166) (184, 166)
(184, 166) (184, 116)
(184, 166) (184, 166)
(184, 166) (134, 166)
(184, 166) (134, 166)
(218, 371) (176, 398)
(218, 371) (176, 398)
(218, 371) (182, 406)
(218, 371) (195, 326)
(218, 371) (195, 326)
(218, 371) (188, 331)
(218, 371) (268, 371)
(218, 371) (218, 321)
(218, 371) (262, 348)
(218, 371) (218, 321)
(218, 371) (268, 371)
(218, 371) (253, 335)
(218, 371) (168, 371)
(218, 371) (168, 371)
(218, 371) (268, 371)
(218, 371) (182, 335)
(218, 371) (218, 371)
(218, 371) (218, 371)
(6, 340) (52, 358)
(6, 340) (53, 355)
(6, 340) (52, 358)
(6, 340) (-44, 340)
(6, 340) (56, 340)
(6, 340) (56, 340)
(6, 340) (41, 375)
(6, 340) (-30, 375)
(6, 340) (-30, 304)
(6, 340) (6, 340)
(6, 340) (6, 340)
(6, 340) (41, 304)
(6, 340) (6, 390)
(6, 340) (6, 340)
(6, 340) (6, 340)
(6, 340) (6, 340)
(6, 340) (56, 340)
(6, 340) (56, 340)
[29.729452277479318, 32.99668797204545, 33.46662631397679, 33.48034800647979, 33.6361225709204]
33.6361225709204
5
Imagen  4
First valPSNR [28.21632967124085, 31.043288427587807, 31.565740339884552, 31.546600262598492, 31.620491340843593]
valMax 31.620491340843593 pos 5
[28.21632967124085, 31.043288427587807, 31.565740339884552, 31.546600262598492, 31.620491340843593]
31.620491340843593
5
[26.7440060743326, 28.483427227862993, 28.47388701380506, 28.664674295083792, 28.774020448235067]
28.774020448235067
5
[34.52016118984647, 35.56114387051798, 36.20667301368674, 36.30763195062126, 36.31519485604003]
36.31519485604003
5
shape 20 32 3
shape 382 254 3
shape 382 254 3
shape 382 254 3
shape 382 254 3
shape 382 254 3
shape 382 254 3
[(361, 218), (124, 185), (97, 35)]
(361, 218) (411, 218)
(361, 218) (396, 253)
(361, 218) (361, 168)
(361, 218) (311, 218)
(361, 218) (391, 258)
(361, 218) (396, 182)
(361, 218) (396, 253)
(361, 218) (376, 265)
(361, 218) (411, 218)
(361, 218) (396, 253)
(361, 218) (383, 262)
(361, 218) (411, 218)
(361, 218) (383, 262)
(361, 218) (396, 253)
(361, 218) (361, 168)
(361, 218) (361, 268)
(361, 218) (396, 253)
(361, 218) (361, 218)
(124, 185) (171, 200)
(124, 185) (171, 200)
(124, 185) (167, 209)
(124, 185) (124, 135)
(124, 185) (171, 169)
(124, 185) (124, 135)
(124, 185) (101, 140)
(124, 185) (76, 169)
(124, 185) (94, 145)
(124, 185) (146, 140)
(124, 185) (133, 135)
(124, 185) (159, 149)
(124, 185) (124, 135)
(124, 185) (124, 135)
(124, 185) (159, 149)
(124, 185) (124, 135)
(124, 185) (136, 136)
(124, 185) (124, 135)
(97, 35) (61, 70)
(97, 35) (47, 35)
(97, 35) (115, 81)
(97, 35) (61, 70)
(97, 35) (147, 35)
(97, 35) (141, 57)
(97, 35) (141, 57)
(97, 35) (141, 57)
(97, 35) (132, 70)
(97, 35) (119, 79)
(97, 35) (141, 57)
(97, 35) (124, 76)
(97, 35) (97, 85)
(97, 35) (132, 70)
(97, 35) (112, 82)
(97, 35) (97, 85)
(97, 35) (132, 70)
(97, 35) (119, 79)
[28.21632967124085, 31.043288427587807, 31.565740339884552, 31.546600262598492, 31.620491340843593]
31.620491340843593
5
Imagen  5
First valPSNR [21.707368441075303, 25.030350974796765, 25.25592808182075, 25.214795226862783, 25.199291360136602]
valMax 25.25592808182075 pos 3
[21.707368441075303, 25.030350974796765, 25.25592808182075, 25.214795226862783, 25.199291360136602]
25.25592808182075
3
[20.234914800587166, 23.91647277660092, 24.27823866955533, 24.218864963134557, 24.32135109898327]
24.32135109898327
5
[23.852331752404456, 27.030945742848335, 27.42348200104962, 27.353434396588806, 27.445653352847973]
27.445653352847973
5
shape 20 32 3
shape 254 382 3
shape 254 382 3
shape 254 382 3
shape 254 382 3
shape 254 382 3
shape 254 382 3
[(208, 213), (220, 0), (209, 360)]
(208, 213) (258, 213)
(208, 213) (230, 168)
(208, 213) (230, 168)
(208, 213) (252, 190)
(208, 213) (257, 208)
(208, 213) (257, 205)
(208, 213) (230, 257)
(208, 213) (208, 263)
(208, 213) (208, 263)
(208, 213) (243, 248)
(208, 213) (258, 213)
(208, 213) (258, 213)
(208, 213) (158, 213)
(208, 213) (166, 185)
(208, 213) (178, 173)
(208, 213) (185, 168)
(208, 213) (230, 168)
(208, 213) (208, 163)
(220, 0) (170, 0)
(220, 0) (170, 0)
(220, 0) (170, 0)
(220, 0) (270, 0)
(220, 0) (268, 12)
(220, 0) (268, 10)
(220, 0) (269, -5)
(220, 0) (255, -36)
(220, 0) (184, 35)
(220, 0) (268, 10)
(220, 0) (266, 17)
(220, 0) (270, 0)
(220, 0) (269, 8)
(220, 0) (268, 12)
(220, 0) (270, 0)
(220, 0) (269, -10)
(220, 0) (269, -4)
(220, 0) (268, -14)
(209, 360) (256, 344)
(209, 360) (250, 332)
(209, 360) (250, 332)
(209, 360) (227, 406)
(209, 360) (209, 410)
(209, 360) (253, 382)
(209, 360) (186, 404)
(209, 360) (244, 395)
(209, 360) (250, 387)
(209, 360) (249, 390)
(209, 360) (250, 387)
(209, 360) (259, 360)
(209, 360) (236, 401)
(209, 360) (244, 395)
(209, 360) (253, 382)
(209, 360) (234, 402)
(209, 360) (244, 395)
(209, 360) (244, 395)
[21.707368441075303, 25.030350974796765, 25.25592808182075, 25.214795226862783, 25.199291360136602]
25.25592808182075
3
Imagen  6
First valPSNR [25.19226340349207, 27.312146009339774, 27.64508564361936, 27.653293640220387, 27.556918798447793]
valMax 27.653293640220387 pos 4
[25.19226340349207, 27.312146009339774, 27.64508564361936, 27.653293640220387, 27.556918798447793]
27.653293640220387
4
[23.36708736539096, 26.732938449630073, 27.593207944853916, 27.411753922864474, 27.65463685736162]
27.65463685736162
5
[20.793237805529536, 22.148940635406717, 22.35343487698936, 22.380963253763404, 22.281269118733146]
22.380963253763404
4
shape 20 32 3
shape 254 382 3
shape 254 382 3
shape 254 382 3
shape 254 382 3
shape 254 382 3
shape 254 382 3
[(71, 316), (128, 240), (221, 141)]
(71, 316) (71, 366)
(71, 316) (93, 360)
(71, 316) (106, 280)
(71, 316) (86, 363)
(71, 316) (93, 360)
(71, 316) (93, 360)
(71, 316) (58, 267)
(71, 316) (71, 266)
(71, 316) (71, 316)
(71, 316) (71, 266)
(71, 316) (106, 280)
(71, 316) (21, 316)
(71, 316) (106, 280)
(71, 316) (121, 316)
(71, 316) (71, 366)
(71, 316) (71, 316)
(71, 316) (93, 360)
(71, 316) (71, 366)
(128, 240) (107, 194)
(128, 240) (109, 193)
(128, 240) (113, 192)
(128, 240) (140, 191)
(128, 240) (112, 192)
(128, 240) (128, 190)
(128, 240) (124, 190)
(128, 240) (115, 191)
(128, 240) (121, 190)
(128, 240) (128, 190)
(128, 240) (134, 190)
(128, 240) (128, 190)
(128, 240) (135, 190)
(128, 240) (137, 190)
(128, 240) (134, 190)
(128, 240) (132, 190)
(128, 240) (135, 190)
(128, 240) (133, 190)
(221, 141) (174, 122)
(221, 141) (173, 125)
(221, 141) (176, 118)
(221, 141) (271, 141)
(221, 141) (221, 191)
(221, 141) (268, 156)
(221, 141) (236, 188)
(221, 141) (248, 182)
(221, 141) (270, 150)
(221, 141) (262, 168)
(221, 141) (171, 141)
(221, 141) (256, 176)
(221, 141) (271, 141)
(221, 141) (271, 141)
(221, 141) (268, 125)
(221, 141) (221, 141)
(221, 141) (221, 141)
(221, 141) (256, 105)
[25.19226340349207, 27.312146009339774, 27.64508564361936, 27.653293640220387, 27.556918798447793]
27.653293640220387
4
Imagen  7
First valPSNR [25.56600600997706, 30.708549468533164, 31.110371978938375, 31.116767259776775, 31.117156806315805]
valMax 31.117156806315805 pos 5
[25.56600600997706, 30.708549468533164, 31.110371978938375, 31.116767259776775, 31.117156806315805]
31.117156806315805
5
[24.2829360432035, 31.867592102450736, 28.493766877036215, 28.400739988988605, 27.294816224745052]
31.867592102450736
2
[33.54455704357646, 38.79747771600562, 39.29600057162321, 39.77502290857575, 40.13501599521015]
40.13501599521015
5
shape 20 32 3
shape 254 382 3
shape 254 382 3
shape 254 382 3
shape 254 382 3
shape 254 382 3
shape 254 382 3
[(205, 191), (24, 377), (6, 304)]
(205, 191) (163, 218)
(205, 191) (158, 209)
(205, 191) (177, 232)
(205, 191) (192, 239)
(205, 191) (187, 237)
(205, 191) (200, 240)
(205, 191) (160, 213)
(205, 191) (157, 206)
(205, 191) (165, 221)
(205, 191) (160, 168)
(205, 191) (163, 218)
(205, 191) (160, 213)
(205, 191) (160, 213)
(205, 191) (157, 206)
(205, 191) (169, 226)
(205, 191) (169, 226)
(205, 191) (155, 191)
(205, 191) (169, 226)
(24, 377) (46, 332)
(24, 377) (32, 327)
(24, 377) (40, 329)
(24, 377) (64, 347)
(24, 377) (64, 347)
(24, 377) (66, 350)
(24, 377) (66, 350)
(24, 377) (71, 360)
(24, 377) (68, 354)
(24, 377) (62, 344)
(24, 377) (66, 351)
(24, 377) (71, 360)
(24, 377) (54, 337)
(24, 377) (52, 335)
(24, 377) (60, 343)
(24, 377) (56, 338)
(24, 377) (58, 340)
(24, 377) (65, 348)
(6, 304) (50, 281)
(6, 304) (41, 268)
(6, 304) (47, 276)
(6, 304) (21, 256)
(6, 304) (56, 304)
(6, 304) (53, 288)
(6, 304) (6, 304)
(6, 304) (6, 304)
(6, 304) (-17, 348)
(6, 304) (41, 339)
(6, 304) (41, 339)
(6, 304) (33, 262)
(6, 304) (41, 268)
(6, 304) (56, 304)
(6, 304) (53, 288)
(6, 304) (50, 281)
(6, 304) (56, 304)
(6, 304) (56, 304)
[25.56600600997706, 30.708549468533164, 31.110371978938375, 31.116767259776775, 31.117156806315805]
31.117156806315805
5
Imagen  8
First valPSNR [19.956586261548136, 23.635774849011042, 23.711950241039123, 23.653438107530643, 23.57316626177849]
valMax 23.711950241039123 pos 3
[19.956586261548136, 23.635774849011042, 23.711950241039123, 23.653438107530643, 23.57316626177849]
23.711950241039123
3
[23.387699368640213, 24.887373725041357, 25.41558672040102, 25.479849446997356, 25.52951553949451]
25.52951553949451
5
[20.330645373545416, 23.244459155045654, 23.53766064865018, 23.446431426102325, 23.404067250098617]
23.53766064865018
3
shape 20 32 3
shape 254 382 3
shape 254 382 3
shape 254 382 3
shape 254 382 3
shape 254 382 3
shape 254 382 3
[(63, 31), (236, 312), (127, 33)]
(63, 31) (49, -18)
(63, 31) (49, -18)
(63, 31) (53, -19)
(63, 31) (63, -19)
(63, 31) (27, -5)
(63, 31) (85, -14)
(63, 31) (33, -10)
(63, 31) (15, 15)
(63, 31) (16, 12)
(63, 31) (27, 66)
(63, 31) (40, 75)
(63, 31) (38, 74)
(63, 31) (20, 56)
(63, 31) (24, 63)
(63, 31) (19, 55)
(63, 31) (18, 53)
(63, 31) (20, 56)
(63, 31) (16, 48)
(236, 312) (223, 263)
(236, 312) (225, 263)
(236, 312) (219, 264)
(236, 312) (229, 262)
(236, 312) (229, 262)
(236, 312) (240, 262)
(236, 312) (257, 266)
(236, 312) (248, 263)
(236, 312) (234, 262)
(236, 312) (240, 262)
(236, 312) (233, 262)
(236, 312) (232, 262)
(236, 312) (244, 262)
(236, 312) (234, 262)
(236, 312) (240, 262)
(236, 312) (236, 262)
(236, 312) (232, 262)
(236, 312) (236, 262)
(127, 33) (80, 14)
(127, 33) (84, 7)
(127, 33) (82, 10)
(127, 33) (91, -3)
(127, 33) (77, 33)
(127, 33) (77, 33)
(127, 33) (127, -17)
(127, 33) (171, 55)
(127, 33) (127, -17)
(127, 33) (177, 33)
(127, 33) (127, -17)
(127, 33) (177, 33)
(127, 33) (127, -17)
(127, 33) (127, -17)
(127, 33) (91, -3)
(127, 33) (127, -17)
(127, 33) (127, -17)
(127, 33) (91, -3)
[19.956586261548136, 23.635774849011042, 23.711950241039123, 23.653438107530643, 23.57316626177849]
23.711950241039123
3
Imagen  9
First valPSNR [26.570897669958956, 30.26400708602314, 30.801410094612063, 30.911748709722385, 30.89730145966168]
valMax 30.911748709722385 pos 4
[26.570897669958956, 30.26400708602314, 30.801410094612063, 30.911748709722385, 30.89730145966168]
30.911748709722385
4
[43.16900849471111, 42.11359189437136, 43.29237633551996, 43.686403190616545, 44.66002667828644]
44.66002667828644
5
[34.090745220865, 36.988361464209476, 37.80194435098088, 37.528723009083635, 38.150089790078376]
38.150089790078376
5
shape 20 32 3
shape 382 254 3
shape 382 254 3
shape 382 254 3
shape 382 254 3
shape 382 254 3
shape 382 254 3
[(168, 184), (128, 104), (266, 134)]
(168, 184) (123, 161)
(168, 184) (154, 232)
(168, 184) (158, 233)
(168, 184) (152, 231)
(168, 184) (157, 232)
(168, 184) (161, 233)
(168, 184) (164, 233)
(168, 184) (162, 233)
(168, 184) (164, 233)
(168, 184) (168, 234)
(168, 184) (162, 233)
(168, 184) (159, 233)
(168, 184) (168, 234)
(168, 184) (162, 233)
(168, 184) (163, 233)
(168, 184) (140, 225)
(168, 184) (157, 232)
(168, 184) (162, 233)
(128, 104) (163, 139)
(128, 104) (155, 145)
(128, 104) (158, 144)
(128, 104) (172, 126)
(128, 104) (128, 54)
(128, 104) (150, 59)
(128, 104) (92, 68)
(128, 104) (83, 81)
(128, 104) (128, 54)
(128, 104) (178, 104)
(128, 104) (92, 68)
(128, 104) (163, 68)
(128, 104) (163, 139)
(128, 104) (128, 104)
(128, 104) (178, 104)
(128, 104) (128, 54)
(128, 104) (128, 104)
(128, 104) (172, 81)
(266, 134) (261, 183)
(266, 134) (261, 183)
(266, 134) (270, 183)
(266, 134) (250, 181)
(266, 134) (236, 174)
(266, 134) (219, 115)
(266, 134) (266, 184)
(266, 134) (253, 182)
(266, 134) (266, 184)
(266, 134) (246, 179)
(266, 134) (250, 181)
(266, 134) (259, 183)
(266, 134) (255, 182)
(266, 134) (260, 183)
(266, 134) (257, 183)
(266, 134) (234, 173)
(266, 134) (238, 175)
(266, 134) (230, 169)
[26.570897669958956, 30.26400708602314, 30.801410094612063, 30.911748709722385, 30.89730145966168]
30.911748709722385
4
Imagen  10
First valPSNR [27.351928624891645, 30.598772440805888, 31.045890686721094, 31.06217417692635, 31.049394705744398]
valMax 31.06217417692635 pos 4
[27.351928624891645, 30.598772440805888, 31.045890686721094, 31.06217417692635, 31.049394705744398]
31.06217417692635
4
[26.919218171794284, 32.52871008385833, 32.65624860219229, 32.80282849924146, 33.49462798885396]
33.49462798885396
5
[32.56396530498875, 38.069318608635726, 38.62817387585774, 38.81716560450263, 39.22639097880118]
39.22639097880118
5
shape 20 32 3
shape 382 254 3
shape 382 254 3
shape 382 254 3
shape 382 254 3
shape 382 254 3
shape 382 254 3
[(174, 29), (338, 67), (361, 195)]
(174, 29) (131, 2)
(174, 29) (135, -4)
(174, 29) (142, -11)
(174, 29) (174, 79)
(174, 29) (174, 29)
(174, 29) (151, 73)
(174, 29) (129, 6)
(174, 29) (174, 29)
(174, 29) (174, 79)
(174, 29) (124, 29)
(174, 29) (129, 6)
(174, 29) (174, 29)
(174, 29) (151, 73)
(174, 29) (174, 29)
(174, 29) (174, 29)
(174, 29) (124, 29)
(174, 29) (138, -7)
(174, 29) (174, -21)
(338, 67) (338, 17)
(338, 67) (338, 17)
(338, 67) (342, 17)
(338, 67) (302, 102)
(338, 67) (315, 111)
(338, 67) (315, 111)
(338, 67) (313, 23)
(338, 67) (313, 23)
(338, 67) (317, 21)
(338, 67) (313, 23)
(338, 67) (305, 29)
(338, 67) (306, 27)
(338, 67) (320, 20)
(338, 67) (312, 24)
(338, 67) (308, 26)
(338, 67) (322, 19)
(338, 67) (310, 25)
(338, 67) (315, 22)
(361, 195) (348, 243)
(361, 195) (347, 243)
(361, 195) (348, 243)
(361, 195) (411, 195)
(361, 195) (325, 159)
(361, 195) (396, 159)
(361, 195) (396, 159)
(361, 195) (392, 155)
(361, 195) (408, 179)
(361, 195) (376, 147)
(361, 195) (370, 145)
(361, 195) (361, 145)
(361, 195) (379, 148)
(361, 195) (369, 145)
(361, 195) (373, 146)
(361, 195) (361, 145)
(361, 195) (361, 145)
(361, 195) (361, 145)
[27.351928624891645, 30.598772440805888, 31.045890686721094, 31.06217417692635, 31.049394705744398]
31.06217417692635
4
Imagen  11
First valPSNR [25.77876577635129, 28.46285545020807, 28.948977124686923, 28.911495338306857, 28.969882573153413]
valMax 28.969882573153413 pos 5
[25.77876577635129, 28.46285545020807, 28.948977124686923, 28.911495338306857, 28.969882573153413]
28.969882573153413
5
[27.415527671768775, 31.16594707858022, 31.141180980355042, 31.35881814422146, 31.227421144956416]
31.35881814422146
4
[26.78154252535434, 29.781481349474753, 30.20541234762151, 30.24695647135326, 30.419672293181893]
30.419672293181893
5
shape 20 32 3
shape 254 382 3
shape 254 382 3
shape 254 382 3
shape 254 382 3
shape 254 382 3
shape 254 382 3
[(6, 158), (43, 359), (82, 321)]
(6, 158) (6, 158)
(6, 158) (6, 158)
(6, 158) (6, 158)
(6, 158) (56, 158)
(6, 158) (-17, 202)
(6, 158) (41, 193)
(6, 158) (41, 122)
(6, 158) (6, 108)
(6, 158) (41, 122)
(6, 158) (41, 122)
(6, 158) (41, 122)
(6, 158) (41, 122)
(6, 158) (6, 108)
(6, 158) (41, 122)
(6, 158) (41, 122)
(6, 158) (56, 158)
(6, 158) (6, 108)
(6, 158) (6, 158)
(43, 359) (43, 409)
(43, 359) (-7, 359)
(43, 359) (70, 400)
(43, 359) (-7, 359)
(43, 359) (7, 323)
(43, 359) (61, 312)
(43, 359) (58, 406)
(43, 359) (43, 409)
(43, 359) (78, 394)
(43, 359) (7, 394)
(43, 359) (43, 409)
(43, 359) (43, 309)
(43, 359) (-7, 368)
(43, 359) (20, 403)
(43, 359) (7, 323)
(43, 359) (1, 386)
(43, 359) (43, 409)
(43, 359) (43, 309)
(82, 321) (82, 321)
(82, 321) (82, 321)
(82, 321) (82, 321)
(82, 321) (82, 371)
(82, 321) (46, 285)
(82, 321) (37, 298)
(82, 321) (32, 321)
(82, 321) (34, 336)
(82, 321) (33, 333)
(82, 321) (46, 356)
(82, 321) (37, 343)
(82, 321) (32, 321)
(82, 321) (32, 321)
(82, 321) (46, 356)
(82, 321) (32, 321)
(82, 321) (32, 321)
(82, 321) (46, 356)
(82, 321) (46, 356)
[25.77876577635129, 28.46285545020807, 28.948977124686923, 28.911495338306857, 28.969882573153413]
28.969882573153413
5
Imagen  12
First valPSNR [27.90218370923607, 31.800888177579502, 32.415051754413476, 32.384663644382904, 32.49503855094945]
valMax 32.49503855094945 pos 5
[27.90218370923607, 31.800888177579502, 32.415051754413476, 32.384663644382904, 32.49503855094945]
32.49503855094945
5
[34.52506858161965, 39.48465650016972, 39.22531831362867, 39.473832462617565, 40.20339198839784]
40.20339198839784
5
[34.33531699175411, 34.69009405429836, 34.881735705938574, 35.04108657370702, 35.223910782888176]
35.223910782888176
5
shape 20 32 3
shape 254 382 3
shape 254 382 3
shape 254 382 3
shape 254 382 3
shape 254 382 3
shape 254 382 3
[(214, 141), (241, 159), (21, 220)]
(214, 141) (249, 176)
(214, 141) (244, 181)
(214, 141) (249, 176)
(214, 141) (264, 141)
(214, 141) (178, 176)
(214, 141) (223, 190)
(214, 141) (166, 156)
(214, 141) (165, 128)
(214, 141) (164, 141)
(214, 141) (164, 141)
(214, 141) (166, 125)
(214, 141) (164, 141)
(214, 141) (166, 156)
(214, 141) (164, 141)
(214, 141) (164, 141)
(214, 141) (164, 141)
(214, 141) (214, 191)
(214, 141) (164, 141)
(241, 159) (276, 123)
(241, 159) (241, 209)
(241, 159) (191, 159)
(241, 159) (285, 181)
(241, 159) (266, 201)
(241, 159) (191, 159)
(241, 159) (228, 110)
(241, 159) (241, 109)
(241, 159) (228, 110)
(241, 159) (291, 159)
(241, 159) (241, 109)
(241, 159) (291, 159)
(241, 159) (276, 194)
(241, 159) (241, 109)
(241, 159) (291, 159)
(241, 159) (276, 194)
(241, 159) (205, 123)
(241, 159) (291, 159)
(21, 220) (-21, 247)
(21, 220) (21, 220)
(21, 220) (21, 270)
(21, 220) (43, 175)
(21, 220) (21, 220)
(21, 220) (21, 270)
(21, 220) (21, 270)
(21, 220) (21, 220)
(21, 220) (71, 220)
(21, 220) (56, 255)
(21, 220) (21, 220)
(21, 220) (21, 270)
(21, 220) (56, 255)
(21, 220) (21, 270)
(21, 220) (21, 270)
(21, 220) (21, 270)
(21, 220) (56, 255)
(21, 220) (21, 270)
[27.90218370923607, 31.800888177579502, 32.415051754413476, 32.384663644382904, 32.49503855094945]
32.49503855094945
5
Imagen  13
First valPSNR [21.896550434331953, 24.03898862770314, 24.183713321327566, 24.18521458938237, 24.114044157129513]
valMax 24.18521458938237 pos 4
[21.896550434331953, 24.03898862770314, 24.183713321327566, 24.18521458938237, 24.114044157129513]
24.18521458938237
4
[28.491747450571793, 29.90040496865472, 30.456532984359352, 30.431543716090232, 30.34310236874869]
30.456532984359352
3
[20.060859505753722, 21.988924736667972, 22.17529626799077, 22.136912040993764, 22.07338845586004]
22.17529626799077
3
shape 20 32 3
shape 254 382 3
shape 254 382 3
shape 254 382 3
shape 254 382 3
shape 254 382 3
shape 254 382 3
[(59, 306), (89, 307), (75, 152)]
(59, 306) (52, 256)
(59, 306) (55, 256)
(59, 306) (55, 256)
(59, 306) (9, 306)
(59, 306) (11, 321)
(59, 306) (23, 270)
(59, 306) (76, 259)
(59, 306) (71, 257)
(59, 306) (67, 256)
(59, 306) (43, 258)
(59, 306) (43, 258)
(59, 306) (44, 258)
(59, 306) (40, 259)
(59, 306) (68, 256)
(59, 306) (64, 256)
(59, 306) (36, 261)
(59, 306) (52, 256)
(59, 306) (63, 256)
(89, 307) (121, 344)
(89, 307) (126, 339)
(89, 307) (126, 339)
(89, 307) (136, 322)
(89, 307) (89, 307)
(89, 307) (89, 257)
(89, 307) (89, 257)
(89, 307) (119, 267)
(89, 307) (116, 265)
(89, 307) (133, 284)
(89, 307) (135, 289)
(89, 307) (138, 298)
(89, 307) (119, 267)
(89, 307) (111, 262)
(89, 307) (131, 281)
(89, 307) (139, 307)
(89, 307) (135, 288)
(89, 307) (139, 307)
(75, 152) (114, 182)
(75, 152) (121, 169)
(75, 152) (119, 174)
(75, 152) (122, 167)
(75, 152) (125, 152)
(75, 152) (119, 129)
(75, 152) (122, 166)
(75, 152) (122, 136)
(75, 152) (123, 164)
(75, 152) (119, 129)
(75, 152) (110, 116)
(75, 152) (90, 104)
(75, 152) (122, 136)
(75, 152) (116, 124)
(75, 152) (75, 102)
(75, 152) (75, 102)
(75, 152) (100, 109)
(75, 152) (75, 102)
[21.896550434331953, 24.03898862770314, 24.183713321327566, 24.18521458938237, 24.114044157129513]
24.18521458938237
4
Imagen  14
First valPSNR [24.65305371230621, 27.513547703595883, 27.91298531678846, 27.916461283251934, 27.849425157353966]
valMax 27.916461283251934 pos 4
[24.65305371230621, 27.513547703595883, 27.91298531678846, 27.916461283251934, 27.849425157353966]
27.916461283251934
4
[29.82762784160724, 31.702395125398986, 32.018049241297845, 31.95195517854949, 31.885335555583723]
32.018049241297845
3
[22.54411385388074, 25.94090624614104, 26.30890726754986, 26.253414084965844, 26.218483419405814]
26.30890726754986
3
shape 20 32 3
shape 254 382 3
shape 254 382 3
shape 254 382 3
shape 254 382 3
shape 254 382 3
shape 254 382 3
[(181, 88), (225, 373), (26, 0)]
(181, 88) (132, 98)
(181, 88) (131, 92)
(181, 88) (131, 92)
(181, 88) (156, 131)
(181, 88) (163, 134)
(181, 88) (151, 128)
(181, 88) (143, 120)
(181, 88) (134, 106)
(181, 88) (141, 118)
(181, 88) (138, 61)
(181, 88) (131, 88)
(181, 88) (137, 63)
(181, 88) (136, 110)
(181, 88) (143, 120)
(181, 88) (138, 114)
(181, 88) (138, 113)
(181, 88) (141, 119)
(181, 88) (141, 119)
(225, 373) (197, 331)
(225, 373) (200, 329)
(225, 373) (200, 329)
(225, 373) (202, 328)
(225, 373) (175, 373)
(225, 373) (193, 333)
(225, 373) (225, 423)
(225, 373) (180, 395)
(225, 373) (175, 373)
(225, 373) (275, 373)
(225, 373) (275, 373)
(225, 373) (225, 373)
(225, 373) (175, 373)
(225, 373) (275, 373)
(225, 373) (175, 373)
(225, 373) (225, 323)
(225, 373) (225, 373)
(225, 373) (189, 337)
(26, 0) (76, 0)
(26, 0) (76, 0)
(26, 0) (76, 0)
(26, 0) (-24, 0)
(26, 0) (-24, -8)
(26, 0) (-24, -5)
(26, 0) (26, 0)
(26, 0) (74, 12)
(26, 0) (66, 30)
(26, 0) (70, 22)
(26, 0) (76, 0)
(26, 0) (76, 0)
(26, 0) (76, 0)
(26, 0) (76, 0)
(26, 0) (26, 0)
(26, 0) (76, 0)
(26, 0) (70, -23)
(26, 0) (76, 0)
[24.65305371230621, 27.513547703595883, 27.91298531678846, 27.916461283251934, 27.849425157353966]
27.916461283251934
4
Imagen  15
First valPSNR [26.461436808585024, 31.217965935193096, 31.774264229812864, 31.879131516644627, 31.952440897791966]
valMax 31.952440897791966 pos 5
[26.461436808585024, 31.217965935193096, 31.774264229812864, 31.879131516644627, 31.952440897791966]
31.952440897791966
5
[30.343005739687975, 32.73659837724297, 33.33277255160206, 33.272602802491605, 33.03220434248206]
33.33277255160206
3
[44.02409346367154, 44.990712974053636, 44.27893904024807, 45.246066150766104, 46.33225970113269]
46.33225970113269
5
shape 20 32 3
shape 254 382 3
shape 254 382 3
shape 254 382 3
shape 254 382 3
shape 254 382 3
shape 254 382 3
[(97, 364), (155, 261), (114, 210)]
(97, 364) (145, 376)
(97, 364) (97, 364)
(97, 364) (144, 348)
(97, 364) (48, 351)
(97, 364) (47, 364)
(97, 364) (49, 379)
(97, 364) (147, 364)
(97, 364) (97, 364)
(97, 364) (97, 314)
(97, 364) (132, 399)
(97, 364) (97, 414)
(97, 364) (52, 386)
(97, 364) (147, 364)
(97, 364) (97, 364)
(97, 364) (141, 386)
(97, 364) (147, 364)
(97, 364) (97, 364)
(97, 364) (138, 391)
(155, 261) (119, 225)
(155, 261) (155, 211)
(155, 261) (205, 261)
(155, 261) (199, 283)
(155, 261) (127, 219)
(155, 261) (139, 213)
(155, 261) (119, 296)
(155, 261) (105, 261)
(155, 261) (190, 296)
(155, 261) (155, 211)
(155, 261) (190, 225)
(155, 261) (155, 261)
(155, 261) (155, 211)
(155, 261) (155, 261)
(155, 261) (105, 261)
(155, 261) (190, 225)
(155, 261) (155, 311)
(155, 261) (155, 261)
(114, 210) (163, 200)
(114, 210) (156, 235)
(114, 210) (159, 229)
(114, 210) (91, 254)
(114, 210) (149, 245)
(114, 210) (149, 245)
(114, 210) (158, 232)
(114, 210) (156, 236)
(114, 210) (162, 222)
(114, 210) (149, 245)
(114, 210) (149, 245)
(114, 210) (154, 240)
(114, 210) (149, 245)
(114, 210) (153, 240)
(114, 210) (155, 237)
(114, 210) (149, 245)
(114, 210) (155, 237)
(114, 210) (158, 232)
[26.461436808585024, 31.217965935193096, 31.774264229812864, 31.879131516644627, 31.952440897791966]
31.952440897791966
5
Imagen  16
First valPSNR [29.165646200656443, 30.991650268796658, 31.21721713992153, 31.25478058891135, 31.30375166998098]
valMax 31.30375166998098 pos 5
[29.165646200656443, 30.991650268796658, 31.21721713992153, 31.25478058891135, 31.30375166998098]
31.30375166998098
5
[43.44822566479553, 44.15295208493432, 44.5551236830169, 44.33401669170188, 45.646568377267585]
45.646568377267585
5
[28.27461781591619, 30.17715510290765, 30.39945153488408, 30.510982345751437, 30.453100301214743]
30.510982345751437
4
shape 20 32 3
shape 254 382 3
shape 254 382 3
shape 254 382 3
shape 254 382 3
shape 254 382 3
shape 254 382 3
[(204, 63), (244, 194), (124, 18)]
(204, 63) (229, 20)
(204, 63) (213, 13)
(204, 63) (212, 13)
(204, 63) (174, 23)
(204, 63) (204, 13)
(204, 63) (239, 98)
(204, 63) (207, 13)
(204, 63) (207, 13)
(204, 63) (208, 13)
(204, 63) (200, 13)
(204, 63) (196, 13)
(204, 63) (193, 14)
(204, 63) (191, 14)
(204, 63) (196, 13)
(204, 63) (194, 13)
(204, 63) (194, 13)
(204, 63) (194, 13)
(204, 63) (193, 14)
(244, 194) (266, 149)
(244, 194) (266, 149)
(244, 194) (263, 148)
(244, 194) (279, 229)
(244, 194) (208, 158)
(244, 194) (244, 144)
(244, 194) (285, 166)
(244, 194) (244, 144)
(244, 194) (256, 145)
(244, 194) (279, 158)
(244, 194) (279, 158)
(244, 194) (279, 158)
(244, 194) (288, 171)
(244, 194) (271, 152)
(244, 194) (279, 158)
(244, 194) (279, 158)
(244, 194) (244, 144)
(244, 194) (244, 144)
(124, 18) (159, 53)
(124, 18) (144, 63)
(124, 18) (149, 60)
(124, 18) (108, -30)
(124, 18) (92, -22)
(124, 18) (101, -27)
(124, 18) (88, -18)
(124, 18) (85, -15)
(124, 18) (85, -15)
(124, 18) (94, -22)
(124, 18) (81, -8)
(124, 18) (92, -22)
(124, 18) (88, -18)
(124, 18) (77, -1)
(124, 18) (92, -22)
(124, 18) (94, -22)
(124, 18) (84, -12)
(124, 18) (92, -22)
[29.165646200656443, 30.991650268796658, 31.21721713992153, 31.25478058891135, 31.30375166998098]
31.30375166998098
5
Imagen  17
First valPSNR [27.137074479647765, 30.14678746885148, 30.653992385184274, 30.675802846055316, 30.6549966347319]
valMax 30.675802846055316 pos 4
[27.137074479647765, 30.14678746885148, 30.653992385184274, 30.675802846055316, 30.6549966347319]
30.675802846055316
4
[22.338670507113164, 25.351383311542897, 25.600446445107245, 25.374303223177435, 25.118675123102264]
25.600446445107245
3
[30.11704024642568, 34.30587802582367, 35.191060674949014, 35.26771556989309, 35.41848932839798]
35.41848932839798
5
shape 20 32 3
shape 382 254 3
shape 382 254 3
shape 382 254 3
shape 382 254 3
shape 382 254 3
shape 382 254 3
[(34, 160), (269, 39), (49, 26)]
(34, 160) (74, 130)
(34, 160) (81, 144)
(34, 160) (81, 144)
(34, 160) (61, 118)
(34, 160) (81, 144)
(34, 160) (81, 175)
(34, 160) (83, 151)
(34, 160) (83, 151)
(34, 160) (83, 150)
(34, 160) (83, 153)
(34, 160) (83, 167)
(34, 160) (82, 173)
(34, 160) (83, 166)
(34, 160) (78, 182)
(34, 160) (79, 180)
(34, 160) (82, 147)
(34, 160) (83, 167)
(34, 160) (84, 160)
(269, 39) (241, -3)
(269, 39) (239, -1)
(269, 39) (239, -1)
(269, 39) (233, 3)
(269, 39) (249, -7)
(269, 39) (239, -2)
(269, 39) (231, 5)
(269, 39) (238, -1)
(269, 39) (237, -1)
(269, 39) (239, -2)
(269, 39) (237, -1)
(269, 39) (238, -1)
(269, 39) (242, -4)
(269, 39) (242, -4)
(269, 39) (244, -5)
(269, 39) (242, -4)
(269, 39) (240, -3)
(269, 39) (237, -1)
(49, 26) (4, 3)
(49, 26) (-1, 26)
(49, 26) (-1, 26)
(49, 26) (61, 74)
(49, 26) (93, 48)
(49, 26) (84, 61)
(49, 26) (49, -24)
(49, 26) (84, -10)
(49, 26) (49, -24)
(49, 26) (84, 61)
(49, 26) (99, 26)
(49, 26) (49, 26)
(49, 26) (49, 26)
(49, 26) (-1, 26)
(49, 26) (49, 26)
(49, 26) (49, 26)
(49, 26) (-1, 26)
(49, 26) (49, 76)
[27.137074479647765, 30.14678746885148, 30.653992385184274, 30.675802846055316, 30.6549966347319]
30.675802846055316
4
Imagen  18
First valPSNR [24.345453118914186, 26.98600048124635, 27.35992492283279, 27.320705835925793, 27.264626682221614]
valMax 27.35992492283279 pos 3
[24.345453118914186, 26.98600048124635, 27.35992492283279, 27.320705835925793, 27.264626682221614]
27.35992492283279
3
[27.806756553128068, 29.387706665735234, 29.855751731784448, 29.848761155666832, 29.785497268607756]
29.855751731784448
3
[20.37582036112297, 23.34398485330396, 23.556973150368677, 23.552811023861683, 23.49332824270501]
23.556973150368677
3
shape 20 32 3
shape 382 254 3
shape 382 254 3
shape 382 254 3
shape 382 254 3
shape 382 254 3
shape 382 254 3
[(140, 186), (128, 171), (132, 234)]
(140, 186) (90, 186)
(140, 186) (90, 186)
(140, 186) (93, 168)
(140, 186) (90, 186)
(140, 186) (90, 186)
(140, 186) (90, 186)
(140, 186) (104, 150)
(140, 186) (107, 147)
(140, 186) (104, 150)
(140, 186) (95, 163)
(140, 186) (100, 156)
(140, 186) (104, 150)
(140, 186) (175, 221)
(140, 186) (140, 236)
(140, 186) (100, 156)
(140, 186) (117, 141)
(140, 186) (104, 150)
(140, 186) (108, 146)
(128, 171) (78, 171)
(128, 171) (86, 198)
(128, 171) (128, 221)
(128, 171) (78, 171)
(128, 171) (80, 186)
(128, 171) (150, 215)
(128, 171) (128, 121)
(128, 171) (177, 175)
(128, 171) (78, 169)
(128, 171) (177, 173)
(128, 171) (177, 172)
(128, 171) (78, 171)
(128, 171) (92, 206)
(128, 171) (105, 215)
(128, 171) (92, 206)
(128, 171) (128, 171)
(128, 171) (128, 171)
(128, 171) (128, 171)
(132, 234) (96, 198)
(132, 234) (94, 200)
(132, 234) (96, 198)
(132, 234) (82, 234)
(132, 234) (100, 194)
(132, 234) (109, 189)
(132, 234) (106, 190)
(132, 234) (106, 190)
(132, 234) (104, 191)
(132, 234) (100, 194)
(132, 234) (98, 196)
(132, 234) (87, 211)
(132, 234) (112, 188)
(132, 234) (107, 190)
(132, 234) (106, 190)
(132, 234) (106, 191)
(132, 234) (100, 195)
(132, 234) (94, 201)
[24.345453118914186, 26.98600048124635, 27.35992492283279, 27.320705835925793, 27.264626682221614]
27.35992492283279
3
Imagen  19
First valPSNR [24.16476532216737, 27.11478730560591, 27.28448029877063, 27.279528957825967, 27.20599870238994]
valMax 27.28448029877063 pos 3
[24.16476532216737, 27.11478730560591, 27.28448029877063, 27.279528957825967, 27.20599870238994]
27.28448029877063
3
[39.4386433351763, 38.040781242626366, 40.2205806529429, 40.68829225353852, 41.645377252260516]
41.645377252260516
5
[31.740911931092718, 35.87304123110269, 37.392249088460396, 37.61174370302897, 38.12063487434213]
38.12063487434213
5
shape 20 32 3
shape 382 254 3
shape 382 254 3
shape 382 254 3
shape 382 254 3
shape 382 254 3
shape 382 254 3
[(351, 111), (44, 91), (9, 120)]
(351, 111) (401, 111)
(351, 111) (395, 88)
(351, 111) (378, 69)
(351, 111) (311, 81)
(351, 111) (386, 146)
(351, 111) (335, 158)
(351, 111) (306, 88)
(351, 111) (326, 67)
(351, 111) (313, 78)
(351, 111) (319, 71)
(351, 111) (326, 67)
(351, 111) (321, 70)
(351, 111) (311, 79)
(351, 111) (311, 79)
(351, 111) (306, 88)
(351, 111) (308, 85)
(351, 111) (315, 75)
(351, 111) (311, 80)
(44, 91) (44, 141)
(44, 91) (44, 141)
(44, 91) (34, 140)
(44, 91) (21, 46)
(44, 91) (8, 126)
(44, 91) (-1, 68)
(44, 91) (44, 91)
(44, 91) (44, 141)
(44, 91) (62, 137)
(44, 91) (-1, 113)
(44, 91) (14, 131)
(44, 91) (4, 122)
(44, 91) (44, 141)
(44, 91) (16, 132)
(44, 91) (18, 133)
(44, 91) (28, 138)
(44, 91) (34, 140)
(44, 91) (24, 136)
(9, 120) (9, 120)
(9, 120) (44, 155)
(9, 120) (44, 84)
(9, 120) (52, 94)
(9, 120) (-36, 143)
(9, 120) (51, 93)
(9, 120) (50, 92)
(9, 120) (44, 84)
(9, 120) (24, 72)
(9, 120) (-13, 74)
(9, 120) (-12, 74)
(9, 120) (32, 163)
(9, 120) (9, 70)
(9, 120) (24, 72)
(9, 120) (27, 73)
(9, 120) (24, 72)
(9, 120) (31, 75)
(9, 120) (31, 75)
[24.16476532216737, 27.11478730560591, 27.28448029877063, 27.279528957825967, 27.20599870238994]
27.28448029877063
3
Imagen  20
First valPSNR [25.895570509114386, 30.92797094241653, 31.38773990776302, 31.374530608698347, 31.459960053708723]
valMax 31.459960053708723 pos 5
[25.895570509114386, 30.92797094241653, 31.38773990776302, 31.374530608698347, 31.459960053708723]
31.459960053708723
5
[23.518176989036306, 34.55520863973243, 34.6130230595738, 34.598668761432464, 35.02830183008976]
35.02830183008976
5
[22.472563020300758, 30.161514473551925, 31.067017128910372, 30.860210024201415, 31.315015632717618]
31.315015632717618
5
shape 20 32 3
shape 254 382 3
shape 254 382 3
shape 254 382 3
shape 254 382 3
shape 254 382 3
shape 254 382 3
[(93, 308), (199, 273), (205, 33)]
(93, 308) (128, 343)
(93, 308) (93, 308)
(93, 308) (93, 308)
(93, 308) (137, 330)
(93, 308) (143, 308)
(93, 308) (93, 308)
(93, 308) (77, 260)
(93, 308) (93, 308)
(93, 308) (93, 308)
(93, 308) (93, 358)
(93, 308) (128, 343)
(93, 308) (128, 343)
(93, 308) (43, 308)
(93, 308) (93, 308)
(93, 308) (93, 308)
(93, 308) (93, 358)
(93, 308) (93, 308)
(93, 308) (93, 308)
(199, 273) (199, 223)
(199, 273) (199, 223)
(199, 273) (199, 223)
(199, 273) (214, 225)
(199, 273) (183, 320)
(199, 273) (234, 237)
(199, 273) (243, 250)
(199, 273) (249, 273)
(199, 273) (247, 285)
(199, 273) (234, 237)
(199, 273) (226, 314)
(199, 273) (221, 317)
(199, 273) (199, 273)
(199, 273) (221, 317)
(199, 273) (234, 308)
(199, 273) (199, 223)
(199, 273) (234, 308)
(199, 273) (249, 273)
(205, 33) (235, -7)
(205, 33) (209, -17)
(205, 33) (195, -17)
(205, 33) (235, -7)
(205, 33) (155, 39)
(205, 33) (156, 45)
(205, 33) (254, 39)
(205, 33) (160, 55)
(205, 33) (155, 28)
(205, 33) (254, 27)
(205, 33) (159, 52)
(205, 33) (155, 38)
(205, 33) (255, 33)
(205, 33) (205, 83)
(205, 33) (205, 33)
(205, 33) (244, 1)
(205, 33) (155, 33)
(205, 33) (158, 14)
[25.895570509114386, 30.92797094241653, 31.38773990776302, 31.374530608698347, 31.459960053708723]
31.459960053708723
5
Imagen  21
First valPSNR [24.69739125633407, 27.708484488239424, 27.936153043075166, 27.92934792506631, 27.878456597352685]
valMax 27.936153043075166 pos 3
[24.69739125633407, 27.708484488239424, 27.936153043075166, 27.92934792506631, 27.878456597352685]
27.936153043075166
3
[42.96517886904998, 40.585589677054614, 42.61991490004029, 42.83575435253229, 44.45186527437173]
44.45186527437173
5
[21.244144371922772, 24.359868783792006, 24.514207483639346, 24.523599535947067, 24.49619462113942]
24.523599535947067
4
shape 20 32 3
shape 254 382 3
shape 254 382 3
shape 254 382 3
shape 254 382 3
shape 254 382 3
shape 254 382 3
[(99, 257), (157, 228), (27, 109)]
(99, 257) (126, 215)
(99, 257) (99, 207)
(99, 257) (54, 234)
(99, 257) (114, 209)
(99, 257) (99, 307)
(99, 257) (147, 269)
(99, 257) (114, 209)
(99, 257) (143, 279)
(99, 257) (146, 272)
(99, 257) (99, 207)
(99, 257) (114, 209)
(99, 257) (99, 207)
(99, 257) (134, 221)
(99, 257) (134, 221)
(99, 257) (134, 221)
(99, 257) (121, 212)
(99, 257) (114, 209)
(99, 257) (99, 207)
(157, 228) (206, 221)
(157, 228) (202, 248)
(157, 228) (200, 252)
(157, 228) (157, 278)
(157, 228) (144, 276)
(157, 228) (147, 277)
(157, 228) (110, 246)
(157, 228) (117, 258)
(157, 228) (108, 214)
(157, 228) (117, 258)
(157, 228) (107, 235)
(157, 228) (107, 218)
(157, 228) (112, 250)
(157, 228) (107, 228)
(157, 228) (111, 207)
(157, 228) (121, 263)
(157, 228) (157, 178)
(157, 228) (114, 202)
(27, 109) (-9, 73)
(27, 109) (4, 64)
(27, 109) (27, 59)
(27, 109) (27, 59)
(27, 109) (-9, 73)
(27, 109) (4, 153)
(27, 109) (54, 150)
(27, 109) (4, 153)
(27, 109) (27, 159)
(27, 109) (62, 144)
(27, 109) (-9, 144)
(27, 109) (-9, 144)
(27, 109) (27, 159)
(27, 109) (27, 159)
(27, 109) (27, 159)
(27, 109) (27, 109)
(27, 109) (27, 109)
(27, 109) (-9, 144)
[24.69739125633407, 27.708484488239424, 27.936153043075166, 27.92934792506631, 27.878456597352685]
27.936153043075166
3
Imagen  22
First valPSNR [26.379790471247947, 29.117427744643884, 29.56990797473854, 29.57955612042515, 29.54683521738658]
valMax 29.57955612042515 pos 4
[26.379790471247947, 29.117427744643884, 29.56990797473854, 29.57955612042515, 29.54683521738658]
29.57955612042515
4
[24.725425812351716, 27.49178308721275, 28.181338395276963, 27.996441519299047, 28.159132686310908]
28.181338395276963
3
[25.967722598022903, 27.39660617479824, 27.64039537586525, 27.696129560568522, 27.68835230794945]
27.696129560568522
4
shape 20 32 3
shape 254 382 3
shape 254 382 3
shape 254 382 3
shape 254 382 3
shape 254 382 3
shape 254 382 3
[(119, 182), (194, 268), (142, 57)]
(119, 182) (141, 137)
(119, 182) (69, 182)
(119, 182) (77, 154)
(119, 182) (169, 182)
(119, 182) (83, 217)
(119, 182) (96, 137)
(119, 182) (83, 146)
(119, 182) (72, 163)
(119, 182) (74, 204)
(119, 182) (154, 146)
(119, 182) (83, 217)
(119, 182) (74, 204)
(119, 182) (166, 197)
(119, 182) (83, 217)
(119, 182) (77, 209)
(119, 182) (163, 159)
(119, 182) (83, 217)
(119, 182) (69, 182)
(194, 268) (213, 222)
(194, 268) (211, 221)
(194, 268) (208, 220)
(194, 268) (206, 219)
(194, 268) (211, 221)
(194, 268) (208, 220)
(194, 268) (196, 218)
(194, 268) (208, 220)
(194, 268) (203, 218)
(194, 268) (194, 218)
(194, 268) (211, 221)
(194, 268) (207, 219)
(194, 268) (209, 220)
(194, 268) (213, 222)
(194, 268) (206, 219)
(194, 268) (204, 219)
(194, 268) (208, 220)
(194, 268) (203, 218)
(142, 57) (92, 56)
(142, 57) (92, 61)
(142, 57) (92, 54)
(142, 57) (102, 87)
(142, 57) (177, 92)
(142, 57) (93, 69)
(142, 57) (94, 72)
(142, 57) (92, 60)
(142, 57) (96, 76)
(142, 57) (93, 69)
(142, 57) (94, 72)
(142, 57) (93, 70)
(142, 57) (94, 73)
(142, 57) (94, 73)
(142, 57) (101, 86)
(142, 57) (95, 75)
(142, 57) (94, 71)
(142, 57) (95, 75)
[26.379790471247947, 29.117427744643884, 29.56990797473854, 29.57955612042515, 29.54683521738658]
29.57955612042515
4
Imagen  23
First valPSNR [28.286065230899457, 31.784243693858834, 32.1007523780174, 32.121245833881964, 32.237254706413474]
valMax 32.237254706413474 pos 5
[28.286065230899457, 31.784243693858834, 32.1007523780174, 32.121245833881964, 32.237254706413474]
32.237254706413474
5
[38.35764390752507, 40.98971841311824, 39.93401557635964, 40.31619388451472, 41.043505192427354]
41.043505192427354
5
[29.813818412788873, 33.84151386497014, 34.47134178837372, 34.46076531559428, 34.63962380516372]
34.63962380516372
5
shape 20 32 3
shape 254 382 3
shape 254 382 3
shape 254 382 3
shape 254 382 3
shape 254 382 3
shape 254 382 3
[(111, 94), (151, 350), (29, 284)]
(111, 94) (158, 111)
(111, 94) (159, 106)
(111, 94) (158, 109)
(111, 94) (146, 129)
(111, 94) (146, 129)
(111, 94) (160, 103)
(111, 94) (155, 116)
(111, 94) (158, 109)
(111, 94) (158, 108)
(111, 94) (157, 113)
(111, 94) (156, 114)
(111, 94) (155, 117)
(111, 94) (158, 108)
(111, 94) (160, 103)
(111, 94) (159, 106)
(111, 94) (158, 108)
(111, 94) (159, 105)
(111, 94) (159, 107)
(151, 350) (166, 397)
(151, 350) (186, 385)
(151, 350) (200, 357)
(151, 350) (151, 400)
(151, 350) (115, 385)
(151, 350) (151, 400)
(151, 350) (201, 350)
(151, 350) (198, 365)
(151, 350) (200, 342)
(151, 350) (195, 372)
(151, 350) (195, 372)
(151, 350) (199, 362)
(151, 350) (199, 362)
(151, 350) (200, 357)
(151, 350) (201, 350)
(151, 350) (198, 365)
(151, 350) (197, 368)
(151, 350) (201, 350)
(29, 284) (1, 325)
(29, 284) (64, 319)
(29, 284) (-7, 319)
(29, 284) (-21, 293)
(29, 284) (-7, 248)
(29, 284) (-13, 311)
(29, 284) (13, 331)
(29, 284) (-21, 284)
(29, 284) (29, 334)
(29, 284) (-13, 311)
(29, 284) (-13, 311)
(29, 284) (-13, 311)
(29, 284) (-1, 324)
(29, 284) (-21, 284)
(29, 284) (-7, 319)
(29, 284) (1, 325)
(29, 284) (-7, 319)
(29, 284) (1, 325)
[28.286065230899457, 31.784243693858834, 32.1007523780174, 32.121245833881964, 32.237254706413474]
32.237254706413474
5
Imagen  24
First valPSNR [23.581615452633834, 26.52358396630895, 26.745434233751595, 26.761480132346765, 26.72212562690605]
valMax 26.761480132346765 pos 4
[23.581615452633834, 26.52358396630895, 26.745434233751595, 26.761480132346765, 26.72212562690605]
26.761480132346765
4
[37.36406175457225, 37.404314481625164, 38.610800439645224, 38.47902144785665, 39.05537760451952]
39.05537760451952
5
[25.97732398449154, 27.809553396234858, 28.23330725011409, 28.301234736990914, 28.284885117871937]
28.301234736990914
4
shape 20 32 3
shape 254 382 3
shape 254 382 3
shape 254 382 3
shape 254 382 3
shape 254 382 3
shape 254 382 3
[(236, 253), (91, 325), (231, 232)]
(236, 253) (258, 208)
(236, 253) (280, 275)
(236, 253) (286, 253)
(236, 253) (186, 262)
(236, 253) (211, 296)
(236, 253) (186, 259)
(236, 253) (258, 297)
(236, 253) (259, 297)
(236, 253) (268, 290)
(236, 253) (246, 301)
(236, 253) (231, 302)
(236, 253) (255, 299)
(236, 253) (241, 302)
(236, 253) (223, 301)
(236, 253) (250, 300)
(236, 253) (239, 302)
(236, 253) (236, 303)
(236, 253) (249, 301)
(91, 325) (91, 325)
(91, 325) (91, 375)
(91, 325) (141, 325)
(91, 325) (68, 369)
(91, 325) (55, 289)
(91, 325) (49, 297)
(91, 325) (68, 369)
(91, 325) (91, 375)
(91, 325) (46, 347)
(91, 325) (91, 375)
(91, 325) (106, 372)
(91, 325) (91, 325)
(91, 325) (91, 375)
(91, 325) (91, 375)
(91, 325) (91, 325)
(91, 325) (91, 325)
(91, 325) (91, 325)
(91, 325) (91, 325)
(231, 232) (258, 190)
(231, 232) (253, 187)
(231, 232) (181, 232)
(231, 232) (280, 223)
(231, 232) (280, 223)
(231, 232) (266, 267)
(231, 232) (280, 227)
(231, 232) (280, 238)
(231, 232) (278, 247)
(231, 232) (280, 225)
(231, 232) (272, 204)
(231, 232) (266, 267)
(231, 232) (281, 232)
(231, 232) (281, 232)
(231, 232) (266, 267)
(231, 232) (266, 196)
(231, 232) (258, 190)
(231, 232) (181, 232)
[23.581615452633834, 26.52358396630895, 26.745434233751595, 26.761480132346765, 26.72212562690605]
26.761480132346765
4
kodim1  &  0.2247  &  0.8008  &  0.3417  &  0.3604  &  0.3399  &  0.2938  \\
kodim2  &  0.5880  &  1.2499  &  0.8434  &  0.7216  &  0.7033  &  0.7231  \\
kodim3  &  0.3817  &  1.1280  &  0.6857  &  0.4699  &  0.4756  &  0.4635  \\
kodim4  &  0.3933  &  1.0340  &  0.6644  &  0.5246  &  0.5186  &  0.4867  \\
kodim5  &  0.2958  &  0.7205  &  0.4117  &  0.4253  &  0.4112  &  0.4110  \\
kodim6  &  0.2346  &  0.9543  &  0.3934  &  0.3774  &  0.3720  &  0.3272  \\
kodim7  &  0.3795  &  0.9027  &  0.5808  &  0.4577  &  0.4467  &  0.4116  \\
kodim8  &  0.2502  &  0.6172  &  0.3268  &  0.3311  &  0.3178  &  0.2972  \\
kodim9  &  0.4692  &  1.0409  &  0.5745  &  0.5073  &  0.4787  &  0.4185  \\
kodim10  &  0.4188  &  0.9831  &  0.5546  &  0.4648  &  0.4567  &  0.3995  \\
kodim11  &  0.3161  &  0.9662  &  0.4997  &  0.5007  &  0.4792  &  0.4496  \\
kodim12  &  0.3404  &  1.0939  &  0.5885  &  0.5406  &  0.5099  &  0.4348  \\
kodim13  &  0.2011  &  0.7292  &  0.3299  &  0.3327  &  0.3184  &  0.2966  \\
kodim14  &  0.3167  &  0.8904  &  0.4558  &  0.4548  &  0.4448  &  0.4254  \\
kodim15  &  0.3859  &  1.0499  &  0.5743  &  0.5295  &  0.4919  &  0.4683  \\
kodim16  &  0.3048  &  1.0243  &  0.5540  &  0.3874  &  0.4010  &  0.3762  \\
kodim17  &  0.3141  &  0.8300  &  0.3817  &  0.3616  &  0.3481  &  0.2920  \\
kodim18  &  0.3780  &  0.9131  &  0.4753  &  0.4719  &  0.4503  &  0.4369  \\
kodim19  &  0.3602  &  0.9640  &  0.4999  &  0.4477  &  0.4179  &  0.3606  \\
kodim20  &  0.2043  &  0.8686  &  0.3387  &  0.3353  &  0.3091  &  0.2756  \\
kodim21  &  0.4356  &  0.9455  &  0.5558  &  0.4571  &  0.4328  &  0.3800  \\
kodim22  &  0.4530  &  1.0027  &  0.6019  &  0.5630  &  0.5487  &  0.5352  \\
kodim23  &  0.5864  &  1.1132  &  0.7697  &  0.6213  &  0.6269  &  0.6038  \\
kodim24  &  0.2910  &  0.8035  &  0.4250  &  0.4065  &  0.3817  &  0.3627  \\
kodim25  &  0.3552  &  0.9428  &  0.5178  &  0.4604  &  0.4450  &  0.4137  \\
