Imagen  1
First 
valPSNR [20.27387223999329, 27.867027312640214, 27.941701069690698, 27.9254506944655, 28.100513677839967]
valMax 28.100513677839967 pos 5
Parches valPSNR [20.27387223999329, 27.867027312640214, 27.941701069690698, 27.9254506944655, 28.100513677839967]
valMax 28.100513677839967 pos 5
valPSNR [20.44324087224937, 27.042867319785472, 27.39726313185124, 27.227232458738193, 27.43554480781691]
valMax 27.43554480781691 pos 5
Parche 
 valPSNR [20.346370830921554, 26.89963998185854, 26.92476309019686, 26.97701001006175, 27.0439816755197]
valMax 27.0439816755197 pos 5
[(347, 433), (330, 275), (73, 509), (88, 729), (172, 422), (123, 165)]
(347, 433) (315, 495)
(347, 433) (315, 495)
(347, 433) (284, 464)
(347, 433) (280, 411)
(347, 433) (416, 429)
(347, 433) (280, 410)
(347, 433) (417, 433)
(347, 433) (284, 464)
(347, 433) (277, 442)
(347, 433) (297, 383)
(347, 433) (417, 433)
(347, 433) (347, 433)
(347, 433) (284, 401)
(347, 433) (277, 433)
(347, 433) (297, 383)
(347, 433) (396, 383)
(347, 433) (297, 383)
(347, 433) (347, 363)
(330, 275) (361, 212)
(330, 275) (379, 225)
(330, 275) (397, 258)
(330, 275) (260, 275)
(330, 275) (308, 208)
(330, 275) (301, 338)
(330, 275) (330, 275)
(330, 275) (330, 275)
(330, 275) (330, 345)
(330, 275) (330, 275)
(330, 275) (280, 225)
(330, 275) (330, 275)
(330, 275) (330, 275)
(330, 275) (330, 275)
(330, 275) (280, 225)
(330, 275) (330, 275)
(330, 275) (330, 275)
(330, 275) (330, 275)
(73, 509) (142, 505)
(73, 509) (142, 505)
(73, 509) (142, 505)
(73, 509) (73, 439)
(73, 509) (141, 522)
(73, 509) (127, 553)
(73, 509) (142, 504)
(73, 509) (142, 505)
(73, 509) (142, 506)
(73, 509) (142, 504)
(73, 509) (142, 503)
(73, 509) (142, 499)
(73, 509) (142, 510)
(73, 509) (143, 509)
(73, 509) (142, 507)
(73, 509) (143, 509)
(73, 509) (142, 507)
(73, 509) (142, 504)
(88, 729) (134, 781)
(88, 729) (129, 785)
(88, 729) (134, 781)
(88, 729) (71, 660)
(88, 729) (155, 747)
(88, 729) (35, 682)
(88, 729) (88, 799)
(88, 729) (126, 787)
(88, 729) (38, 778)
(88, 729) (88, 659)
(88, 729) (158, 729)
(88, 729) (68, 661)
(88, 729) (150, 760)
(88, 729) (157, 719)
(88, 729) (148, 692)
(88, 729) (38, 778)
(88, 729) (65, 795)
(88, 729) (49, 787)
(172, 422) (195, 487)
(172, 422) (200, 485)
(172, 422) (210, 480)
(172, 422) (187, 490)
(172, 422) (110, 388)
(172, 422) (108, 392)
(172, 422) (197, 486)
(172, 422) (200, 485)
(172, 422) (194, 488)
(172, 422) (182, 491)
(172, 422) (196, 487)
(172, 422) (242, 422)
(172, 422) (155, 489)
(172, 422) (187, 490)
(172, 422) (140, 484)
(172, 422) (211, 479)
(172, 422) (215, 476)
(172, 422) (231, 459)
(123, 165) (190, 184)
(123, 165) (190, 183)
(123, 165) (190, 184)
(123, 165) (176, 210)
(123, 165) (176, 210)
(123, 165) (188, 188)
(123, 165) (186, 194)
(123, 165) (188, 188)
(123, 165) (185, 195)
(123, 165) (185, 197)
(123, 165) (186, 195)
(123, 165) (187, 192)
(123, 165) (189, 186)
(123, 165) (188, 189)
(123, 165) (189, 187)
(123, 165) (188, 189)
(123, 165) (189, 187)
(123, 165) (189, 186)
Best 
 valPSNR [20.27387223999329, 27.867027312640214, 27.941701069690698, 27.9254506944655, 28.100513677839967]
valMax 28.100513677839967 pos 5
Imagen  2
First 
valPSNR [20.582909643318523, 31.69094353144475, 31.71028960479632, 31.723624468013057, 31.813701424310615]
valMax 31.813701424310615 pos 5
Parches valPSNR [20.582909643318523, 31.69094353144475, 31.71028960479632, 31.723624468013057, 31.813701424310615]
valMax 31.813701424310615 pos 5
valPSNR [20.604943413983897, 29.90091164771629, 30.065649511152053, 29.994508890235146, 30.061885289246746]
valMax 30.065649511152053 pos 3
Parche 
 valPSNR [20.80355996875028, 33.84412164402048, 33.90790649366329, 33.92516503197361, 33.976301725263184]
valMax 33.976301725263184 pos 5
[(141, 383), (152, 419), (455, 25), (157, 208), (398, 322), (279, 633)]
(141, 383) (108, 321)
(141, 383) (109, 320)
(141, 383) (108, 320)
(141, 383) (73, 363)
(141, 383) (167, 318)
(141, 383) (201, 346)
(141, 383) (146, 313)
(141, 383) (146, 313)
(141, 383) (135, 313)
(141, 383) (152, 313)
(141, 383) (152, 313)
(141, 383) (207, 360)
(141, 383) (130, 313)
(141, 383) (136, 313)
(141, 383) (135, 313)
(141, 383) (134, 313)
(141, 383) (141, 313)
(141, 383) (124, 315)
(152, 419) (169, 486)
(152, 419) (166, 487)
(152, 419) (159, 488)
(152, 419) (201, 468)
(152, 419) (143, 488)
(152, 419) (173, 485)
(152, 419) (131, 486)
(152, 419) (136, 487)
(152, 419) (137, 487)
(152, 419) (158, 488)
(152, 419) (152, 489)
(152, 419) (141, 488)
(152, 419) (161, 488)
(152, 419) (158, 488)
(152, 419) (149, 488)
(152, 419) (152, 489)
(152, 419) (171, 486)
(152, 419) (158, 488)
(455, 25) (438, -43)
(455, 25) (455, -45)
(455, 25) (423, -38)
(455, 25) (497, 81)
(455, 25) (524, 26)
(455, 25) (385, 25)
(455, 25) (455, 95)
(455, 25) (455, 95)
(455, 25) (513, 63)
(455, 25) (416, 83)
(455, 25) (392, 56)
(455, 25) (423, -38)
(455, 25) (438, 92)
(455, 25) (455, 95)
(455, 25) (455, 25)
(455, 25) (438, 92)
(455, 25) (455, 95)
(455, 25) (504, 74)
(157, 208) (89, 188)
(157, 208) (92, 180)
(157, 208) (92, 180)
(157, 208) (87, 205)
(157, 208) (117, 265)
(157, 208) (87, 213)
(157, 208) (206, 257)
(157, 208) (227, 208)
(157, 208) (87, 208)
(157, 208) (107, 257)
(157, 208) (157, 138)
(157, 208) (157, 138)
(157, 208) (107, 257)
(157, 208) (87, 208)
(157, 208) (107, 158)
(157, 208) (131, 272)
(157, 208) (131, 272)
(157, 208) (120, 268)
(398, 322) (425, 386)
(398, 322) (440, 378)
(398, 322) (447, 371)
(398, 322) (447, 371)
(398, 322) (453, 279)
(398, 322) (374, 255)
(398, 322) (447, 371)
(398, 322) (468, 322)
(398, 322) (398, 392)
(398, 322) (468, 322)
(398, 322) (398, 252)
(398, 322) (359, 263)
(398, 322) (398, 322)
(398, 322) (447, 272)
(398, 322) (348, 272)
(398, 322) (447, 371)
(398, 322) (468, 322)
(398, 322) (348, 272)
(279, 633) (216, 601)
(279, 633) (216, 601)
(279, 633) (218, 596)
(279, 633) (301, 699)
(279, 633) (234, 578)
(279, 633) (258, 700)
(279, 633) (279, 563)
(279, 633) (279, 633)
(279, 633) (279, 633)
(279, 633) (349, 633)
(279, 633) (349, 633)
(279, 633) (209, 633)
(279, 633) (349, 633)
(279, 633) (349, 633)
(279, 633) (279, 633)
(279, 633) (328, 682)
(279, 633) (345, 655)
(279, 633) (279, 703)
Best 
 valPSNR [20.582909643318523, 31.69094353144475, 31.71028960479632, 31.723624468013057, 31.813701424310615]
valMax 31.813701424310615 pos 5
Imagen  3
First 
valPSNR [20.373455562780958, 33.19782179271403, 33.261550356691956, 33.22327715131985, 33.34764011845944]
valMax 33.34764011845944 pos 5
Parches valPSNR [20.373455562780958, 33.19782179271403, 33.261550356691956, 33.22327715131985, 33.34764011845944]
valMax 33.34764011845944 pos 5
valPSNR [20.513220064047836, 31.77496309908754, 31.973953634362367, 31.92711335889369, 32.18820463805311]
valMax 32.18820463805311 pos 5
Parche 
 valPSNR [20.53861444584173, 33.928285358254705, 33.95250025815745, 33.99309330286129, 33.87117173759757]
valMax 33.99309330286129 pos 4
[(109, 332), (480, 357), (108, 547), (161, 415), (31, 604), (296, 409)]
(109, 332) (109, 402)
(109, 332) (109, 402)
(109, 332) (109, 402)
(109, 332) (54, 287)
(109, 332) (178, 339)
(109, 332) (142, 270)
(109, 332) (109, 402)
(109, 332) (46, 300)
(109, 332) (59, 282)
(109, 332) (109, 332)
(109, 332) (109, 262)
(109, 332) (39, 332)
(109, 332) (109, 332)
(109, 332) (59, 282)
(109, 332) (109, 402)
(109, 332) (109, 332)
(109, 332) (39, 332)
(109, 332) (109, 332)
(480, 357) (430, 406)
(480, 357) (432, 408)
(480, 357) (430, 406)
(480, 357) (473, 287)
(480, 357) (471, 426)
(480, 357) (500, 423)
(480, 357) (448, 419)
(480, 357) (430, 307)
(480, 357) (430, 307)
(480, 357) (529, 406)
(480, 357) (529, 406)
(480, 357) (529, 406)
(480, 357) (480, 427)
(480, 357) (430, 307)
(480, 357) (529, 406)
(480, 357) (480, 427)
(480, 357) (529, 406)
(480, 357) (480, 427)
(108, 547) (130, 613)
(108, 547) (146, 605)
(108, 547) (130, 613)
(108, 547) (177, 541)
(108, 547) (151, 601)
(108, 547) (87, 480)
(108, 547) (58, 497)
(108, 547) (178, 547)
(108, 547) (58, 497)
(108, 547) (108, 547)
(108, 547) (58, 497)
(108, 547) (108, 547)
(108, 547) (108, 477)
(108, 547) (108, 477)
(108, 547) (178, 547)
(108, 547) (108, 547)
(108, 547) (108, 547)
(108, 547) (108, 617)
(161, 415) (210, 464)
(161, 415) (210, 464)
(161, 415) (210, 464)
(161, 415) (199, 473)
(161, 415) (96, 389)
(161, 415) (205, 361)
(161, 415) (231, 415)
(161, 415) (210, 464)
(161, 415) (227, 437)
(161, 415) (111, 365)
(161, 415) (111, 365)
(161, 415) (161, 415)
(161, 415) (91, 415)
(161, 415) (231, 415)
(161, 415) (210, 365)
(161, 415) (161, 415)
(161, 415) (161, 415)
(161, 415) (161, 345)
(31, 604) (31, 674)
(31, 604) (31, 604)
(31, 604) (31, 604)
(31, 604) (50, 671)
(31, 604) (72, 660)
(31, 604) (17, 535)
(31, 604) (31, 534)
(31, 604) (80, 653)
(31, 604) (93, 635)
(31, 604) (-19, 554)
(31, 604) (31, 604)
(31, 604) (-19, 554)
(31, 604) (31, 604)
(31, 604) (31, 534)
(31, 604) (31, 534)
(31, 604) (31, 604)
(31, 604) (31, 604)
(31, 604) (31, 604)
(296, 409) (229, 431)
(296, 409) (229, 431)
(296, 409) (246, 458)
(296, 409) (320, 343)
(296, 409) (365, 402)
(296, 409) (290, 339)
(296, 409) (226, 409)
(296, 409) (296, 409)
(296, 409) (286, 478)
(296, 409) (366, 409)
(296, 409) (296, 479)
(296, 409) (264, 471)
(296, 409) (366, 409)
(296, 409) (246, 458)
(296, 409) (284, 478)
(296, 409) (366, 409)
(296, 409) (366, 409)
(296, 409) (327, 471)
Best 
 valPSNR [20.373455562780958, 33.19782179271403, 33.261550356691956, 33.22327715131985, 33.34764011845944]
valMax 33.34764011845944 pos 5
Imagen  4
First 
valPSNR [20.342463333887395, 31.798089905133867, 31.753459545987827, 31.75730368184969, 31.871592530593695]
valMax 31.871592530593695 pos 5
Parches valPSNR [20.342463333887395, 31.798089905133867, 31.753459545987827, 31.75730368184969, 31.871592530593695]
valMax 31.871592530593695 pos 5
valPSNR [20.571656528192644, 27.889592761057326, 27.77134373549262, 27.85537809751906, 27.94763892932094]
valMax 27.94763892932094 pos 5
Parche 
 valPSNR [20.476299037365997, 32.710836742812845, 32.91030972437391, 32.663167886051156, 32.82452288197592]
valMax 32.91030972437391 pos 3
[(529, 364), (602, 439), (686, 134), (484, 267), (616, 2), (124, 319)]
(529, 364) (595, 341)
(529, 364) (587, 325)
(529, 364) (578, 314)
(529, 364) (554, 429)
(529, 364) (598, 361)
(529, 364) (557, 428)
(529, 364) (595, 386)
(529, 364) (597, 377)
(529, 364) (591, 395)
(529, 364) (591, 332)
(529, 364) (595, 386)
(529, 364) (529, 364)
(529, 364) (597, 377)
(529, 364) (599, 364)
(529, 364) (596, 347)
(529, 364) (591, 332)
(529, 364) (599, 364)
(529, 364) (599, 364)
(602, 439) (669, 422)
(602, 439) (669, 422)
(602, 439) (664, 407)
(602, 439) (662, 404)
(602, 439) (642, 495)
(602, 439) (534, 420)
(602, 439) (602, 369)
(602, 439) (602, 369)
(602, 439) (602, 439)
(602, 439) (602, 439)
(602, 439) (602, 369)
(602, 439) (532, 439)
(602, 439) (602, 509)
(602, 439) (602, 439)
(602, 439) (602, 369)
(602, 439) (532, 439)
(602, 439) (602, 439)
(602, 439) (602, 439)
(686, 134) (616, 134)
(686, 134) (619, 111)
(686, 134) (627, 172)
(686, 134) (660, 68)
(686, 134) (616, 123)
(686, 134) (752, 155)
(686, 134) (756, 134)
(686, 134) (756, 134)
(686, 134) (647, 75)
(686, 134) (636, 84)
(686, 134) (686, 64)
(686, 134) (686, 134)
(686, 134) (756, 134)
(686, 134) (686, 64)
(686, 134) (686, 204)
(686, 134) (686, 134)
(686, 134) (686, 64)
(686, 134) (735, 84)
(484, 267) (506, 200)
(484, 267) (512, 203)
(484, 267) (533, 217)
(484, 267) (440, 212)
(484, 267) (494, 197)
(484, 267) (529, 320)
(484, 267) (477, 197)
(484, 267) (506, 200)
(484, 267) (496, 335)
(484, 267) (515, 204)
(484, 267) (414, 267)
(484, 267) (479, 336)
(484, 267) (554, 267)
(484, 267) (551, 250)
(484, 267) (500, 334)
(484, 267) (484, 197)
(484, 267) (506, 200)
(484, 267) (500, 334)
(616, 2) (686, 2)
(616, 2) (686, 2)
(616, 2) (686, 2)
(616, 2) (685, 6)
(616, 2) (644, 66)
(616, 2) (678, 33)
(616, 2) (681, -23)
(616, 2) (683, 18)
(616, 2) (616, 72)
(616, 2) (684, 15)
(616, 2) (683, 18)
(616, 2) (616, 2)
(616, 2) (680, -26)
(616, 2) (685, -10)
(616, 2) (665, 51)
(616, 2) (686, 2)
(616, 2) (683, 18)
(616, 2) (616, 2)
(124, 319) (161, 260)
(124, 319) (163, 261)
(124, 319) (153, 255)
(124, 319) (189, 293)
(124, 319) (191, 335)
(124, 319) (189, 294)
(124, 319) (131, 249)
(124, 319) (132, 249)
(124, 319) (128, 249)
(124, 319) (146, 252)
(124, 319) (155, 256)
(124, 319) (135, 250)
(124, 319) (143, 251)
(124, 319) (143, 251)
(124, 319) (131, 249)
(124, 319) (127, 249)
(124, 319) (127, 249)
(124, 319) (128, 249)
Best 
 valPSNR [20.342463333887395, 31.798089905133867, 31.753459545987827, 31.75730368184969, 31.871592530593695]
valMax 31.871592530593695 pos 5
Imagen  5
First 
valPSNR [20.50856595299674, 28.28596320408211, 28.30458370828854, 28.287329967206315, 28.463157888542952]
valMax 28.463157888542952 pos 5
Parches valPSNR [20.50856595299674, 28.28596320408211, 28.30458370828854, 28.287329967206315, 28.463157888542952]
valMax 28.463157888542952 pos 5
valPSNR [20.733103692282832, 27.2515985313413, 27.237505957477897, 27.284922302939876, 27.541498274245946]
valMax 27.541498274245946 pos 5
Parche 
 valPSNR [20.662404233098375, 27.829679786075133, 27.94741535951215, 27.841023021604418, 28.06012167622422]
valMax 28.06012167622422 pos 5
[(81, 234), (450, 757), (282, 168), (143, 568), (269, 168), (58, 560)]
(81, 234) (150, 230)
(81, 234) (150, 222)
(81, 234) (150, 230)
(81, 234) (139, 272)
(81, 234) (146, 258)
(81, 234) (67, 165)
(81, 234) (142, 266)
(81, 234) (150, 223)
(81, 234) (150, 242)
(81, 234) (146, 257)
(81, 234) (145, 206)
(81, 234) (141, 198)
(81, 234) (150, 244)
(81, 234) (149, 249)
(81, 234) (148, 254)
(81, 234) (151, 234)
(81, 234) (150, 222)
(81, 234) (146, 210)
(450, 757) (481, 694)
(450, 757) (413, 696)
(450, 757) (450, 687)
(450, 757) (383, 736)
(450, 757) (459, 826)
(450, 757) (406, 701)
(450, 757) (434, 688)
(450, 757) (420, 693)
(450, 757) (424, 691)
(450, 757) (429, 690)
(450, 757) (422, 692)
(450, 757) (436, 688)
(450, 757) (398, 709)
(450, 757) (398, 709)
(450, 757) (401, 706)
(450, 757) (425, 691)
(450, 757) (425, 691)
(450, 757) (420, 693)
(282, 168) (332, 119)
(282, 168) (327, 114)
(282, 168) (328, 115)
(282, 168) (324, 112)
(282, 168) (334, 121)
(282, 168) (346, 139)
(282, 168) (337, 125)
(282, 168) (343, 135)
(282, 168) (343, 133)
(282, 168) (340, 129)
(282, 168) (342, 133)
(282, 168) (345, 139)
(282, 168) (343, 135)
(282, 168) (343, 134)
(282, 168) (347, 142)
(282, 168) (340, 129)
(282, 168) (342, 132)
(282, 168) (345, 137)
(143, 568) (117, 632)
(143, 568) (131, 637)
(143, 568) (117, 632)
(143, 568) (83, 530)
(143, 568) (206, 597)
(143, 568) (87, 611)
(143, 568) (111, 505)
(143, 568) (143, 498)
(143, 568) (93, 518)
(143, 568) (143, 498)
(143, 568) (93, 518)
(143, 568) (143, 498)
(143, 568) (73, 568)
(143, 568) (84, 606)
(143, 568) (80, 536)
(143, 568) (93, 617)
(143, 568) (143, 638)
(143, 568) (93, 617)
(269, 168) (200, 182)
(269, 168) (201, 187)
(269, 168) (200, 184)
(269, 168) (200, 180)
(269, 168) (206, 137)
(269, 168) (199, 177)
(269, 168) (199, 176)
(269, 168) (200, 182)
(269, 168) (201, 186)
(269, 168) (199, 168)
(269, 168) (199, 176)
(269, 168) (199, 169)
(269, 168) (199, 172)
(269, 168) (199, 171)
(269, 168) (199, 172)
(269, 168) (199, 173)
(269, 168) (200, 183)
(269, 168) (199, 177)
(58, 560) (58, 630)
(58, 560) (58, 630)
(58, 560) (58, 630)
(58, 560) (37, 626)
(58, 560) (38, 627)
(58, 560) (17, 502)
(58, 560) (26, 497)
(58, 560) (128, 560)
(58, 560) (26, 497)
(58, 560) (41, 492)
(58, 560) (58, 490)
(58, 560) (8, 510)
(58, 560) (89, 497)
(58, 560) (124, 537)
(58, 560) (69, 490)
(58, 560) (120, 528)
(58, 560) (116, 598)
(58, 560) (58, 490)
Best 
 valPSNR [20.50856595299674, 28.28596320408211, 28.30458370828854, 28.287329967206315, 28.463157888542952]
valMax 28.463157888542952 pos 5
Imagen  6
First 
valPSNR [20.409705727743194, 29.078749465941684, 28.982021951466926, 29.096397410288326, 29.209878727195683]
valMax 29.209878727195683 pos 5
Parches valPSNR [20.409705727743194, 29.078749465941684, 28.982021951466926, 29.096397410288326, 29.209878727195683]
valMax 29.209878727195683 pos 5
valPSNR [20.489739931443054, 26.042468698156767, 26.02537739865255, 26.093862518192978, 26.241884461763604]
valMax 26.241884461763604 pos 5
Parche 
 valPSNR [20.426953517737783, 32.41406725066654, 32.440907114560396, 32.603661707717265, 32.518991816391875]
valMax 32.603661707717265 pos 4
[(478, 211), (322, 348), (79, 172), (488, 94), (70, 337), (492, 338)]
(478, 211) (544, 188)
(478, 211) (536, 172)
(478, 211) (544, 188)
(478, 211) (411, 190)
(478, 211) (424, 165)
(478, 211) (459, 278)
(478, 211) (478, 141)
(478, 211) (478, 211)
(478, 211) (478, 211)
(478, 211) (446, 148)
(478, 211) (478, 141)
(478, 211) (428, 161)
(478, 211) (411, 188)
(478, 211) (408, 211)
(478, 211) (408, 211)
(478, 211) (446, 148)
(478, 211) (446, 148)
(478, 211) (428, 161)
(322, 348) (299, 281)
(322, 348) (338, 280)
(322, 348) (331, 278)
(322, 348) (385, 318)
(322, 348) (334, 416)
(322, 348) (271, 299)
(322, 348) (371, 298)
(322, 348) (322, 278)
(322, 348) (353, 285)
(322, 348) (356, 287)
(322, 348) (331, 278)
(322, 348) (358, 287)
(322, 348) (367, 294)
(322, 348) (326, 278)
(322, 348) (341, 280)
(322, 348) (344, 281)
(322, 348) (342, 280)
(322, 348) (351, 284)
(79, 172) (62, 239)
(79, 172) (79, 172)
(79, 172) (79, 172)
(79, 172) (110, 234)
(79, 172) (50, 107)
(79, 172) (79, 242)
(79, 172) (79, 172)
(79, 172) (79, 172)
(79, 172) (79, 172)
(79, 172) (9, 172)
(79, 172) (79, 172)
(79, 172) (79, 172)
(79, 172) (9, 172)
(79, 172) (79, 172)
(79, 172) (79, 172)
(79, 172) (79, 172)
(79, 172) (79, 172)
(79, 172) (79, 172)
(488, 94) (541, 139)
(488, 94) (535, 145)
(488, 94) (530, 149)
(488, 94) (528, 151)
(488, 94) (490, 163)
(488, 94) (450, 35)
(488, 94) (532, 147)
(488, 94) (541, 138)
(488, 94) (532, 148)
(488, 94) (524, 154)
(488, 94) (537, 143)
(488, 94) (524, 154)
(488, 94) (512, 159)
(488, 94) (528, 150)
(488, 94) (524, 154)
(488, 94) (488, 164)
(488, 94) (497, 163)
(488, 94) (510, 160)
(70, 337) (2, 316)
(70, 337) (2, 319)
(70, 337) (2, 316)
(70, 337) (10, 300)
(70, 337) (1, 321)
(70, 337) (11, 298)
(70, 337) (5, 308)
(70, 337) (7, 305)
(70, 337) (5, 310)
(70, 337) (6, 308)
(70, 337) (1, 323)
(70, 337) (9, 302)
(70, 337) (2, 318)
(70, 337) (1, 323)
(70, 337) (5, 308)
(70, 337) (4, 312)
(70, 337) (3, 313)
(70, 337) (5, 308)
(492, 338) (424, 321)
(492, 338) (426, 313)
(492, 338) (426, 313)
(492, 338) (428, 307)
(492, 338) (478, 269)
(492, 338) (482, 407)
(492, 338) (492, 268)
(492, 338) (455, 277)
(492, 338) (492, 268)
(492, 338) (422, 338)
(492, 338) (460, 275)
(492, 338) (492, 338)
(492, 338) (442, 288)
(492, 338) (492, 408)
(492, 338) (422, 338)
(492, 338) (429, 306)
(492, 338) (422, 338)
(492, 338) (442, 387)
Best 
 valPSNR [20.409705727743194, 29.078749465941684, 28.982021951466926, 29.096397410288326, 29.209878727195683]
valMax 29.209878727195683 pos 5
Imagen  7
First 
valPSNR [20.30001298891314, 32.668279954449915, 32.811035168633694, 32.80096930499849, 32.9255627400077]
valMax 32.9255627400077 pos 5
Parches valPSNR [20.30001298891314, 32.668279954449915, 32.811035168633694, 32.80096930499849, 32.9255627400077]
valMax 32.9255627400077 pos 5
valPSNR [20.557551428737476, 34.11663760488748, 33.62118771993113, 34.18700989619793, 33.897522820301006]
valMax 34.18700989619793 pos 4
Parche 
 valPSNR [20.273071688747475, 37.57554358058889, 38.05684469650602, 37.711532824486966, 38.09805097085131]
valMax 38.09805097085131 pos 5
[(360, 66), (337, 187), (469, 389), (328, 544), (176, 468), (68, 638)]
(360, 66) (323, 5)
(360, 66) (328, 3)
(360, 66) (321, 7)
(360, 66) (314, 12)
(360, 66) (423, 95)
(360, 66) (341, -2)
(360, 66) (409, 115)
(360, 66) (360, 136)
(360, 66) (360, 136)
(360, 66) (360, 66)
(360, 66) (310, 16)
(360, 66) (430, 66)
(360, 66) (430, 66)
(360, 66) (430, 66)
(360, 66) (310, 16)
(360, 66) (360, 66)
(360, 66) (360, 66)
(360, 66) (360, 66)
(337, 187) (337, 257)
(337, 187) (337, 257)
(337, 187) (337, 257)
(337, 187) (276, 151)
(337, 187) (404, 205)
(337, 187) (389, 232)
(337, 187) (267, 187)
(337, 187) (386, 236)
(337, 187) (407, 187)
(337, 187) (287, 137)
(337, 187) (267, 187)
(337, 187) (267, 187)
(337, 187) (337, 257)
(337, 187) (287, 236)
(337, 187) (267, 187)
(337, 187) (337, 257)
(337, 187) (337, 257)
(337, 187) (337, 257)
(469, 389) (399, 389)
(469, 389) (399, 389)
(469, 389) (399, 389)
(469, 389) (458, 458)
(469, 389) (473, 458)
(469, 389) (408, 354)
(469, 389) (539, 389)
(469, 389) (539, 389)
(469, 389) (518, 438)
(469, 389) (469, 319)
(469, 389) (399, 389)
(469, 389) (419, 339)
(469, 389) (539, 389)
(469, 389) (469, 389)
(469, 389) (419, 339)
(469, 389) (469, 389)
(469, 389) (469, 389)
(469, 389) (469, 319)
(328, 544) (328, 544)
(328, 544) (328, 544)
(328, 544) (328, 544)
(328, 544) (269, 582)
(328, 544) (390, 575)
(328, 544) (353, 609)
(328, 544) (296, 606)
(328, 544) (350, 610)
(328, 544) (398, 544)
(328, 544) (258, 544)
(328, 544) (328, 474)
(328, 544) (390, 575)
(328, 544) (260, 527)
(328, 544) (278, 593)
(328, 544) (390, 512)
(328, 544) (328, 544)
(328, 544) (328, 614)
(328, 544) (398, 544)
(176, 468) (245, 465)
(176, 468) (245, 466)
(176, 468) (245, 468)
(176, 468) (243, 484)
(176, 468) (226, 516)
(176, 468) (244, 482)
(176, 468) (242, 445)
(176, 468) (243, 449)
(176, 468) (243, 450)
(176, 468) (245, 461)
(176, 468) (242, 447)
(176, 468) (245, 458)
(176, 468) (244, 455)
(176, 468) (245, 457)
(176, 468) (245, 463)
(176, 468) (245, 470)
(176, 468) (245, 473)
(176, 468) (245, 471)
(68, 638) (5, 606)
(68, 638) (99, 700)
(68, 638) (68, 708)
(68, 638) (80, 569)
(68, 638) (71, 568)
(68, 638) (71, 707)
(68, 638) (68, 638)
(68, 638) (-2, 638)
(68, 638) (138, 638)
(68, 638) (68, 568)
(68, 638) (18, 588)
(68, 638) (-2, 638)
(68, 638) (18, 588)
(68, 638) (9, 599)
(68, 638) (5, 669)
(68, 638) (68, 638)
(68, 638) (5, 606)
(68, 638) (51, 705)
Best 
 valPSNR [20.30001298891314, 32.668279954449915, 32.811035168633694, 32.80096930499849, 32.9255627400077]
valMax 32.9255627400077 pos 5
Imagen  8
First 
valPSNR [20.44366832450043, 27.9924434171361, 27.99293271625366, 28.02486942856454, 28.02492601623882]
valMax 28.02492601623882 pos 5
Parches valPSNR [20.44366832450043, 27.9924434171361, 27.99293271625366, 28.02486942856454, 28.02492601623882]
valMax 28.02492601623882 pos 5
valPSNR [20.528142001466296, 26.76135384532966, 26.89106797809341, 26.85833723557382, 27.065502467226015]
valMax 27.065502467226015 pos 5
Parche 
 valPSNR [20.770559391209726, 31.157294266557333, 31.525272371197754, 31.396899531635057, 31.33375648375498]
valMax 31.525272371197754 pos 3
[(379, 437), (502, 714), (479, 181), (70, 53), (155, 299), (488, 187)]
(379, 437) (354, 371)
(379, 437) (345, 375)
(379, 437) (333, 383)
(379, 437) (313, 413)
(379, 437) (309, 438)
(379, 437) (342, 496)
(379, 437) (318, 400)
(379, 437) (332, 384)
(379, 437) (379, 367)
(379, 437) (309, 448)
(379, 437) (312, 414)
(379, 437) (314, 411)
(379, 437) (309, 437)
(379, 437) (313, 412)
(379, 437) (329, 486)
(379, 437) (316, 468)
(379, 437) (441, 405)
(379, 437) (395, 504)
(502, 714) (446, 756)
(502, 714) (461, 770)
(502, 714) (461, 770)
(502, 714) (486, 782)
(502, 714) (571, 703)
(502, 714) (461, 656)
(502, 714) (460, 658)
(502, 714) (502, 784)
(502, 714) (432, 714)
(502, 714) (452, 664)
(502, 714) (443, 752)
(502, 714) (432, 714)
(502, 714) (465, 653)
(502, 714) (432, 702)
(502, 714) (502, 644)
(502, 714) (467, 653)
(502, 714) (470, 651)
(502, 714) (479, 647)
(479, 181) (463, 249)
(479, 181) (459, 248)
(479, 181) (460, 248)
(479, 181) (467, 250)
(479, 181) (523, 234)
(479, 181) (521, 236)
(479, 181) (437, 237)
(479, 181) (437, 237)
(479, 181) (430, 231)
(479, 181) (438, 237)
(479, 181) (453, 245)
(479, 181) (445, 242)
(479, 181) (447, 243)
(479, 181) (455, 247)
(479, 181) (443, 241)
(479, 181) (444, 241)
(479, 181) (451, 245)
(479, 181) (438, 237)
(70, 53) (70, -17)
(70, 53) (70, -17)
(70, 53) (70, -17)
(70, 53) (47, 119)
(70, 53) (50, -15)
(70, 53) (132, 21)
(70, 53) (70, -17)
(70, 53) (38, -10)
(70, 53) (20, 3)
(70, 53) (137, 69)
(70, 53) (70, -17)
(70, 53) (3, 30)
(70, 53) (70, 123)
(70, 53) (0, 53)
(70, 53) (70, 123)
(70, 53) (70, 53)
(70, 53) (20, 3)
(70, 53) (119, 102)
(155, 299) (225, 299)
(155, 299) (224, 308)
(155, 299) (202, 350)
(155, 299) (96, 337)
(155, 299) (218, 328)
(155, 299) (126, 362)
(155, 299) (134, 232)
(155, 299) (123, 236)
(155, 299) (116, 240)
(155, 299) (146, 368)
(155, 299) (105, 348)
(155, 299) (85, 290)
(155, 299) (109, 245)
(155, 299) (217, 267)
(155, 299) (155, 369)
(155, 299) (100, 255)
(155, 299) (90, 273)
(155, 299) (87, 315)
(488, 187) (557, 182)
(488, 187) (558, 187)
(488, 187) (558, 187)
(488, 187) (557, 177)
(488, 187) (558, 187)
(488, 187) (553, 162)
(488, 187) (557, 180)
(488, 187) (557, 179)
(488, 187) (557, 181)
(488, 187) (557, 177)
(488, 187) (557, 176)
(488, 187) (557, 176)
(488, 187) (557, 183)
(488, 187) (557, 182)
(488, 187) (557, 181)
(488, 187) (557, 181)
(488, 187) (557, 181)
(488, 187) (557, 183)
Best 
 valPSNR [20.44366832450043, 27.9924434171361, 27.99293271625366, 28.02486942856454, 28.02492601623882]
valMax 28.02492601623882 pos 5
Imagen  9
First 
valPSNR [20.204157807362805, 32.82572804430384, 32.79867430417865, 32.87821482677445, 32.98415665185321]
valMax 32.98415665185321 pos 5
Parches valPSNR [20.204157807362805, 32.82572804430384, 32.79867430417865, 32.87821482677445, 32.98415665185321]
valMax 32.98415665185321 pos 5
valPSNR [20.2947297106884, 38.18068805936784, 38.27623354189629, 38.145124956591886, 38.4297395787536]
valMax 38.4297395787536 pos 5
Parche 
 valPSNR [20.570595908578508, 32.00296504148175, 32.22301055673225, 32.35663936987153, 32.43744228635538]
valMax 32.43744228635538 pos 5
[(489, 488), (329, 385), (740, 269), (556, 61), (124, 399), (327, 354)]
(489, 488) (538, 438)
(489, 488) (538, 537)
(489, 488) (538, 537)
(489, 488) (439, 438)
(489, 488) (482, 418)
(489, 488) (434, 444)
(489, 488) (489, 488)
(489, 488) (439, 438)
(489, 488) (426, 519)
(489, 488) (457, 425)
(489, 488) (489, 488)
(489, 488) (439, 438)
(489, 488) (520, 425)
(489, 488) (538, 438)
(489, 488) (538, 438)
(489, 488) (520, 425)
(489, 488) (538, 537)
(489, 488) (489, 418)
(329, 385) (329, 315)
(329, 385) (262, 362)
(329, 385) (266, 353)
(329, 385) (369, 441)
(329, 385) (280, 334)
(329, 385) (260, 396)
(329, 385) (378, 434)
(329, 385) (399, 385)
(329, 385) (378, 434)
(329, 385) (259, 385)
(329, 385) (259, 385)
(329, 385) (279, 335)
(329, 385) (297, 322)
(329, 385) (329, 455)
(329, 385) (329, 385)
(329, 385) (329, 385)
(329, 385) (399, 385)
(329, 385) (329, 315)
(740, 269) (793, 224)
(740, 269) (789, 219)
(740, 269) (793, 224)
(740, 269) (697, 213)
(740, 269) (735, 338)
(740, 269) (809, 270)
(740, 269) (802, 237)
(740, 269) (806, 246)
(740, 269) (762, 202)
(740, 269) (802, 237)
(740, 269) (771, 206)
(740, 269) (789, 318)
(740, 269) (789, 219)
(740, 269) (740, 199)
(740, 269) (740, 199)
(740, 269) (798, 230)
(740, 269) (762, 202)
(740, 269) (789, 219)
(556, 61) (605, 11)
(556, 61) (486, 61)
(556, 61) (524, -2)
(556, 61) (513, 116)
(556, 61) (599, 6)
(556, 61) (606, 109)
(556, 61) (556, 61)
(556, 61) (556, 131)
(556, 61) (605, 110)
(556, 61) (556, -9)
(556, 61) (556, 131)
(556, 61) (605, 110)
(556, 61) (556, 131)
(556, 61) (605, 110)
(556, 61) (605, 110)
(556, 61) (556, 61)
(556, 61) (486, 61)
(556, 61) (556, 131)
(124, 399) (74, 349)
(124, 399) (74, 349)
(124, 399) (74, 349)
(124, 399) (121, 468)
(124, 399) (185, 365)
(124, 399) (91, 336)
(124, 399) (124, 399)
(124, 399) (194, 399)
(124, 399) (186, 430)
(124, 399) (124, 399)
(124, 399) (124, 469)
(124, 399) (124, 399)
(124, 399) (124, 399)
(124, 399) (124, 399)
(124, 399) (124, 399)
(124, 399) (173, 448)
(124, 399) (173, 448)
(124, 399) (124, 399)
(327, 354) (327, 354)
(327, 354) (327, 354)
(327, 354) (327, 354)
(327, 354) (272, 309)
(327, 354) (300, 418)
(327, 354) (372, 407)
(327, 354) (327, 424)
(327, 354) (327, 284)
(327, 354) (376, 403)
(327, 354) (397, 354)
(327, 354) (327, 424)
(327, 354) (327, 284)
(327, 354) (327, 354)
(327, 354) (397, 354)
(327, 354) (327, 354)
(327, 354) (327, 354)
(327, 354) (327, 354)
(327, 354) (327, 354)
Best 
 valPSNR [20.204157807362805, 32.82572804430384, 32.79867430417865, 32.87821482677445, 32.98415665185321]
valMax 32.98415665185321 pos 5
Imagen  10
First 
valPSNR [20.236935542055047, 32.48481358347918, 32.63513958717488, 32.5807500902569, 32.74971650293993]
valMax 32.74971650293993 pos 5
Parches valPSNR [20.236935542055047, 32.48481358347918, 32.63513958717488, 32.5807500902569, 32.74971650293993]
valMax 32.74971650293993 pos 5
valPSNR [20.38292101463027, 35.396155452748395, 35.55642830959348, 35.509448915250005, 35.6175135344867]
valMax 35.6175135344867 pos 5
Parche 
 valPSNR [20.35907304043198, 32.547321291953125, 32.66022977694777, 32.585577692553386, 32.79965875515692]
valMax 32.79965875515692 pos 5
[(355, 191), (721, 376), (748, 423), (295, 9), (25, 133), (421, 108)]
(355, 191) (305, 141)
(355, 191) (305, 141)
(355, 191) (305, 141)
(355, 191) (287, 171)
(355, 191) (424, 194)
(355, 191) (393, 249)
(355, 191) (417, 222)
(355, 191) (425, 191)
(355, 191) (421, 213)
(355, 191) (305, 141)
(355, 191) (323, 128)
(355, 191) (355, 191)
(355, 191) (285, 191)
(355, 191) (404, 141)
(355, 191) (355, 121)
(355, 191) (404, 240)
(355, 191) (355, 121)
(355, 191) (355, 121)
(721, 376) (732, 445)
(721, 376) (729, 445)
(721, 376) (729, 445)
(721, 376) (781, 411)
(721, 376) (781, 410)
(721, 376) (746, 441)
(721, 376) (739, 443)
(721, 376) (731, 445)
(721, 376) (732, 445)
(721, 376) (726, 445)
(721, 376) (736, 444)
(721, 376) (734, 444)
(721, 376) (727, 445)
(721, 376) (729, 445)
(721, 376) (729, 445)
(721, 376) (721, 446)
(721, 376) (721, 446)
(721, 376) (727, 445)
(748, 423) (678, 423)
(748, 423) (680, 439)
(748, 423) (685, 391)
(748, 423) (811, 453)
(748, 423) (817, 431)
(748, 423) (681, 445)
(748, 423) (698, 373)
(748, 423) (716, 360)
(748, 423) (748, 423)
(748, 423) (685, 454)
(748, 423) (678, 423)
(748, 423) (698, 472)
(748, 423) (748, 493)
(748, 423) (685, 454)
(748, 423) (770, 489)
(748, 423) (725, 356)
(748, 423) (685, 391)
(748, 423) (698, 373)
(295, 9) (333, 67)
(295, 9) (326, 71)
(295, 9) (317, 75)
(295, 9) (344, 58)
(295, 9) (241, -37)
(295, 9) (354, 45)
(295, 9) (365, 9)
(295, 9) (365, 9)
(295, 9) (365, 9)
(295, 9) (295, 9)
(295, 9) (365, 9)
(295, 9) (344, 58)
(295, 9) (344, 58)
(295, 9) (344, 58)
(295, 9) (365, 9)
(295, 9) (365, 9)
(295, 9) (357, 40)
(295, 9) (365, 9)
(25, 133) (87, 164)
(25, 133) (89, 159)
(25, 133) (89, 159)
(25, 133) (13, 202)
(25, 133) (-27, 85)
(25, 133) (54, 69)
(25, 133) (-38, 164)
(25, 133) (-7, 195)
(25, 133) (25, 203)
(25, 133) (-45, 133)
(25, 133) (-45, 133)
(25, 133) (-25, 83)
(25, 133) (95, 133)
(25, 133) (87, 101)
(25, 133) (87, 101)
(25, 133) (-45, 121)
(25, 133) (-45, 133)
(25, 133) (-45, 133)
(421, 108) (459, 166)
(421, 108) (443, 174)
(421, 108) (459, 166)
(421, 108) (484, 137)
(421, 108) (452, 45)
(421, 108) (361, 70)
(421, 108) (421, 178)
(421, 108) (479, 146)
(421, 108) (351, 108)
(421, 108) (491, 108)
(421, 108) (421, 108)
(421, 108) (351, 108)
(421, 108) (351, 108)
(421, 108) (421, 108)
(421, 108) (358, 139)
(421, 108) (421, 108)
(421, 108) (421, 108)
(421, 108) (371, 58)
Best 
 valPSNR [20.236935542055047, 32.48481358347918, 32.63513958717488, 32.5807500902569, 32.74971650293993]
valMax 32.74971650293993 pos 5
Imagen  11
First 
valPSNR [20.438328435780008, 29.92207253938249, 29.935061037181573, 29.956063428267406, 30.080198203279586]
valMax 30.080198203279586 pos 5
Parches valPSNR [20.438328435780008, 29.92207253938249, 29.935061037181573, 29.956063428267406, 30.080198203279586]
valMax 30.080198203279586 pos 5
valPSNR [20.713713290340007, 27.373702108583412, 27.480657819831606, 27.395314982545116, 27.610243699622803]
valMax 27.610243699622803 pos 5
Parche 
 valPSNR [20.316489819356597, 30.799916202798208, 30.781289356678162, 30.914684165177007, 30.951639809169457]
valMax 30.951639809169457 pos 5
[(349, 178), (456, 391), (140, 520), (324, 347), (158, 373), (128, 728)]
(349, 178) (288, 143)
(349, 178) (295, 132)
(349, 178) (306, 122)
(349, 178) (339, 108)
(349, 178) (394, 230)
(349, 178) (339, 108)
(349, 178) (365, 110)
(349, 178) (371, 111)
(349, 178) (349, 108)
(349, 178) (419, 178)
(349, 178) (349, 108)
(349, 178) (398, 227)
(349, 178) (349, 108)
(349, 178) (380, 115)
(349, 178) (411, 146)
(349, 178) (349, 248)
(349, 178) (349, 108)
(349, 178) (419, 178)
(456, 391) (389, 413)
(456, 391) (389, 413)
(456, 391) (389, 413)
(456, 391) (517, 425)
(456, 391) (436, 323)
(456, 391) (497, 447)
(456, 391) (389, 413)
(456, 391) (393, 422)
(456, 391) (400, 349)
(456, 391) (505, 440)
(456, 391) (456, 461)
(456, 391) (406, 341)
(456, 391) (424, 453)
(456, 391) (389, 413)
(456, 391) (386, 391)
(456, 391) (456, 461)
(456, 391) (456, 461)
(456, 391) (406, 440)
(140, 520) (120, 587)
(140, 520) (120, 587)
(140, 520) (120, 587)
(140, 520) (207, 538)
(140, 520) (161, 586)
(140, 520) (197, 560)
(140, 520) (81, 481)
(140, 520) (70, 520)
(140, 520) (98, 576)
(140, 520) (77, 488)
(140, 520) (140, 590)
(140, 520) (72, 536)
(140, 520) (70, 520)
(140, 520) (70, 520)
(140, 520) (70, 520)
(140, 520) (77, 551)
(140, 520) (90, 569)
(140, 520) (77, 551)
(324, 347) (378, 303)
(324, 347) (379, 304)
(324, 347) (379, 304)
(324, 347) (256, 330)
(324, 347) (387, 317)
(324, 347) (383, 309)
(324, 347) (360, 286)
(324, 347) (360, 286)
(324, 347) (354, 284)
(324, 347) (359, 286)
(324, 347) (356, 284)
(324, 347) (352, 283)
(324, 347) (375, 299)
(324, 347) (373, 297)
(324, 347) (372, 296)
(324, 347) (380, 305)
(324, 347) (378, 303)
(324, 347) (374, 298)
(158, 373) (89, 359)
(158, 373) (88, 370)
(158, 373) (88, 373)
(158, 373) (88, 377)
(158, 373) (90, 354)
(158, 373) (168, 442)
(158, 373) (88, 367)
(158, 373) (88, 369)
(158, 373) (88, 368)
(158, 373) (90, 356)
(158, 373) (88, 378)
(158, 373) (93, 399)
(158, 373) (88, 382)
(158, 373) (90, 391)
(158, 373) (89, 386)
(158, 373) (88, 384)
(158, 373) (90, 392)
(158, 373) (90, 393)
(128, 728) (170, 784)
(128, 728) (170, 784)
(128, 728) (170, 784)
(128, 728) (58, 728)
(128, 728) (197, 735)
(128, 728) (66, 694)
(128, 728) (65, 696)
(128, 728) (65, 696)
(128, 728) (78, 678)
(128, 728) (128, 798)
(128, 728) (58, 728)
(128, 728) (128, 728)
(128, 728) (128, 798)
(128, 728) (128, 728)
(128, 728) (78, 678)
(128, 728) (78, 777)
(128, 728) (128, 798)
(128, 728) (128, 798)
Best 
 valPSNR [20.438328435780008, 29.92207253938249, 29.935061037181573, 29.956063428267406, 30.080198203279586]
valMax 30.080198203279586 pos 5
Imagen  12
First 
valPSNR [20.31790300397564, 32.40280734206284, 32.32907981515663, 32.30615639008142, 32.43695126882443]
valMax 32.43695126882443 pos 5
Parches valPSNR [20.31790300397564, 32.40280734206284, 32.32907981515663, 32.30615639008142, 32.43695126882443]
valMax 32.43695126882443 pos 5
valPSNR [20.56236430118732, 30.435562095456095, 30.53926702413235, 30.432592448853946, 30.59120806635199]
valMax 30.59120806635199 pos 5
Parche 
 valPSNR [20.390076467805734, 34.68411095664206, 34.699957565599895, 34.72460502979675, 34.773959520607654]
valMax 34.773959520607654 pos 5
[(13, 333), (118, 179), (423, 493), (174, 441), (109, 691), (72, 749)]
(13, 333) (75, 301)
(13, 333) (13, 333)
(13, 333) (62, 283)
(13, 333) (-27, 274)
(13, 333) (13, 403)
(13, 333) (-1, 264)
(13, 333) (83, 333)
(13, 333) (83, 333)
(13, 333) (62, 283)
(13, 333) (-37, 382)
(13, 333) (-57, 333)
(13, 333) (13, 333)
(13, 333) (13, 403)
(13, 333) (13, 333)
(13, 333) (13, 333)
(13, 333) (13, 333)
(13, 333) (13, 333)
(13, 333) (83, 333)
(118, 179) (81, 118)
(118, 179) (81, 118)
(118, 179) (86, 116)
(118, 179) (147, 115)
(118, 179) (182, 206)
(118, 179) (171, 224)
(118, 179) (48, 179)
(118, 179) (118, 109)
(118, 179) (59, 140)
(118, 179) (167, 228)
(118, 179) (118, 249)
(118, 179) (167, 228)
(118, 179) (68, 129)
(118, 179) (167, 228)
(118, 179) (118, 109)
(118, 179) (48, 179)
(118, 179) (68, 129)
(118, 179) (48, 179)
(423, 493) (423, 563)
(423, 493) (423, 563)
(423, 493) (423, 563)
(423, 493) (353, 499)
(423, 493) (389, 431)
(423, 493) (394, 556)
(423, 493) (391, 430)
(423, 493) (373, 443)
(423, 493) (373, 443)
(423, 493) (391, 430)
(423, 493) (373, 443)
(423, 493) (423, 423)
(423, 493) (423, 423)
(423, 493) (454, 430)
(423, 493) (423, 423)
(423, 493) (493, 493)
(423, 493) (423, 493)
(423, 493) (423, 493)
(174, 441) (216, 385)
(174, 441) (174, 371)
(174, 441) (185, 371)
(174, 441) (176, 371)
(174, 441) (114, 403)
(174, 441) (135, 382)
(174, 441) (232, 402)
(174, 441) (244, 441)
(174, 441) (210, 501)
(174, 441) (174, 371)
(174, 441) (205, 378)
(174, 441) (174, 441)
(174, 441) (151, 374)
(174, 441) (157, 373)
(174, 441) (124, 391)
(174, 441) (174, 511)
(174, 441) (157, 508)
(174, 441) (157, 508)
(109, 691) (105, 760)
(109, 691) (107, 760)
(109, 691) (107, 760)
(109, 691) (40, 707)
(109, 691) (176, 709)
(109, 691) (51, 731)
(109, 691) (109, 761)
(109, 691) (106, 760)
(109, 691) (103, 760)
(109, 691) (102, 760)
(109, 691) (92, 758)
(109, 691) (95, 759)
(109, 691) (104, 760)
(109, 691) (91, 758)
(109, 691) (92, 758)
(109, 691) (115, 760)
(109, 691) (115, 760)
(109, 691) (109, 761)
(72, 749) (121, 798)
(72, 749) (121, 798)
(72, 749) (121, 798)
(72, 749) (130, 787)
(72, 749) (125, 794)
(72, 749) (37, 687)
(72, 749) (2, 749)
(72, 749) (22, 798)
(72, 749) (22, 699)
(72, 749) (121, 798)
(72, 749) (72, 749)
(72, 749) (22, 699)
(72, 749) (121, 699)
(72, 749) (94, 682)
(72, 749) (134, 717)
(72, 749) (72, 819)
(72, 749) (110, 807)
(72, 749) (121, 798)
Best 
 valPSNR [20.31790300397564, 32.40280734206284, 32.32907981515663, 32.30615639008142, 32.43695126882443]
valMax 32.43695126882443 pos 5
Imagen  13
First 
valPSNR [20.39962856438379, 26.108558825286693, 26.1529853978151, 26.081457990427523, 26.33996044765623]
valMax 26.33996044765623 pos 5
Parches valPSNR [20.39962856438379, 26.108558825286693, 26.1529853978151, 26.081457990427523, 26.33996044765623]
valMax 26.33996044765623 pos 5
valPSNR [20.53967879055469, 27.381561891350138, 27.31812276738343, 27.29847470143791, 27.435912316846522]
valMax 27.435912316846522 pos 5
Parche 
 valPSNR [20.400714966303433, 26.181822093006076, 26.23455622266919, 26.248845075350424, 26.461793407732294]
valMax 26.461793407732294 pos 5
[(292, 452), (196, 376), (419, 27), (49, 766), (5, 609), (219, 12)]
(292, 452) (284, 521)
(292, 452) (287, 521)
(292, 452) (287, 521)
(292, 452) (298, 521)
(292, 452) (274, 519)
(292, 452) (271, 518)
(292, 452) (261, 514)
(292, 452) (272, 519)
(292, 452) (272, 519)
(292, 452) (292, 522)
(292, 452) (293, 521)
(292, 452) (288, 521)
(292, 452) (290, 521)
(292, 452) (282, 521)
(292, 452) (281, 521)
(292, 452) (292, 522)
(292, 452) (290, 521)
(292, 452) (288, 521)
(196, 376) (127, 361)
(196, 376) (126, 370)
(196, 376) (126, 370)
(196, 376) (265, 370)
(196, 376) (144, 329)
(196, 376) (163, 314)
(196, 376) (227, 438)
(196, 376) (128, 392)
(196, 376) (161, 436)
(196, 376) (196, 376)
(196, 376) (146, 425)
(196, 376) (227, 438)
(196, 376) (196, 446)
(196, 376) (164, 438)
(196, 376) (196, 446)
(196, 376) (133, 407)
(196, 376) (164, 438)
(196, 376) (196, 446)
(419, 27) (419, -43)
(419, 27) (428, -43)
(419, 27) (405, -42)
(419, 27) (387, -36)
(419, 27) (387, -36)
(419, 27) (483, 53)
(419, 27) (426, -43)
(419, 27) (450, -36)
(419, 27) (360, -12)
(419, 27) (419, 97)
(419, 27) (489, 27)
(419, 27) (432, 95)
(419, 27) (428, -43)
(419, 27) (486, 10)
(419, 27) (485, 49)
(419, 27) (419, -43)
(419, 27) (387, -36)
(419, 27) (489, 27)
(49, 766) (49, 766)
(49, 766) (49, 766)
(49, 766) (49, 766)
(49, 766) (-19, 748)
(49, 766) (93, 820)
(49, 766) (78, 829)
(49, 766) (58, 696)
(49, 766) (-21, 777)
(49, 766) (91, 821)
(49, 766) (7, 710)
(49, 766) (119, 766)
(49, 766) (111, 797)
(49, 766) (-8, 725)
(49, 766) (-1, 815)
(49, 766) (49, 836)
(49, 766) (49, 696)
(49, 766) (-1, 716)
(49, 766) (111, 797)
(5, 609) (-39, 554)
(5, 609) (5, 609)
(5, 609) (5, 609)
(5, 609) (-45, 559)
(5, 609) (75, 609)
(5, 609) (75, 609)
(5, 609) (-45, 559)
(5, 609) (5, 539)
(5, 609) (5, 539)
(5, 609) (5, 679)
(5, 609) (5, 609)
(5, 609) (5, 609)
(5, 609) (-27, 546)
(5, 609) (5, 539)
(5, 609) (-27, 546)
(5, 609) (5, 609)
(5, 609) (5, 609)
(5, 609) (5, 609)
(219, 12) (213, -58)
(219, 12) (241, -55)
(219, 12) (212, -58)
(219, 12) (283, 39)
(219, 12) (169, -38)
(219, 12) (279, 46)
(219, 12) (289, 12)
(219, 12) (187, 74)
(219, 12) (281, -20)
(219, 12) (288, 23)
(219, 12) (283, 37)
(219, 12) (287, 27)
(219, 12) (281, 43)
(219, 12) (241, 78)
(219, 12) (268, 61)
(219, 12) (268, 61)
(219, 12) (232, 80)
(219, 12) (268, 61)
Best 
 valPSNR [20.39962856438379, 26.108558825286693, 26.1529853978151, 26.081457990427523, 26.33996044765623]
valMax 26.33996044765623 pos 5
Imagen  14
First 
valPSNR [20.43167240773635, 29.037533088370502, 29.112394071446968, 29.128345507661834, 29.261254717757094]
valMax 29.261254717757094 pos 5
Parches valPSNR [20.43167240773635, 29.037533088370502, 29.112394071446968, 29.128345507661834, 29.261254717757094]
valMax 29.261254717757094 pos 5
valPSNR [20.4228841138409, 28.78386503229921, 28.821680235215275, 28.806231269452937, 29.071488157149492]
valMax 29.071488157149492 pos 5
Parche 
 valPSNR [20.70002855229651, 29.077266830529997, 29.161374214171957, 29.21399865437479, 29.26858573674672]
valMax 29.26858573674672 pos 5
[(45, 450), (434, 66), (102, 609), (294, 681), (209, 308), (78, 594)]
(45, 450) (58, 518)
(45, 450) (58, 518)
(45, 450) (58, 518)
(45, 450) (20, 384)
(45, 450) (101, 490)
(45, 450) (68, 516)
(45, 450) (13, 387)
(45, 450) (22, 383)
(45, 450) (13, 387)
(45, 450) (45, 520)
(45, 450) (13, 387)
(45, 450) (76, 512)
(45, 450) (45, 380)
(45, 450) (94, 400)
(45, 450) (31, 381)
(45, 450) (45, 380)
(45, 450) (45, 380)
(45, 450) (13, 387)
(434, 66) (371, 34)
(434, 66) (364, 66)
(434, 66) (364, 66)
(434, 66) (468, 126)
(434, 66) (434, -4)
(434, 66) (383, 113)
(434, 66) (483, 115)
(434, 66) (434, 136)
(434, 66) (434, 136)
(434, 66) (434, 136)
(434, 66) (434, 66)
(434, 66) (504, 66)
(434, 66) (434, 136)
(434, 66) (434, 136)
(434, 66) (364, 66)
(434, 66) (364, 66)
(434, 66) (364, 66)
(434, 66) (434, 66)
(102, 609) (122, 541)
(102, 609) (118, 540)
(102, 609) (118, 541)
(102, 609) (74, 544)
(102, 609) (102, 539)
(102, 609) (129, 544)
(102, 609) (110, 539)
(102, 609) (106, 539)
(102, 609) (108, 539)
(102, 609) (104, 539)
(102, 609) (104, 539)
(102, 609) (102, 539)
(102, 609) (125, 543)
(102, 609) (122, 542)
(102, 609) (127, 543)
(102, 609) (115, 540)
(102, 609) (113, 539)
(102, 609) (114, 540)
(294, 681) (325, 618)
(294, 681) (319, 616)
(294, 681) (328, 620)
(294, 681) (257, 621)
(294, 681) (235, 719)
(294, 681) (363, 674)
(294, 681) (271, 614)
(294, 681) (259, 619)
(294, 681) (271, 614)
(294, 681) (270, 614)
(294, 681) (265, 616)
(294, 681) (267, 616)
(294, 681) (294, 611)
(294, 681) (271, 614)
(294, 681) (283, 611)
(294, 681) (289, 611)
(294, 681) (289, 611)
(294, 681) (280, 612)
(209, 308) (233, 242)
(209, 308) (232, 241)
(209, 308) (235, 243)
(209, 308) (270, 275)
(209, 308) (252, 253)
(209, 308) (278, 304)
(209, 308) (263, 264)
(209, 308) (273, 282)
(209, 308) (277, 294)
(209, 308) (267, 346)
(209, 308) (247, 366)
(209, 308) (240, 370)
(209, 308) (255, 255)
(209, 308) (264, 265)
(209, 308) (258, 258)
(209, 308) (278, 298)
(209, 308) (276, 288)
(209, 308) (265, 266)
(78, 594) (52, 529)
(78, 594) (109, 531)
(78, 594) (78, 524)
(78, 594) (35, 538)
(78, 594) (70, 524)
(78, 594) (10, 574)
(78, 594) (28, 544)
(78, 594) (28, 544)
(78, 594) (8, 594)
(78, 594) (46, 531)
(78, 594) (8, 594)
(78, 594) (28, 544)
(78, 594) (39, 535)
(78, 594) (28, 544)
(78, 594) (8, 594)
(78, 594) (46, 531)
(78, 594) (39, 535)
(78, 594) (46, 531)
Best 
 valPSNR [20.43167240773635, 29.037533088370502, 29.112394071446968, 29.128345507661834, 29.261254717757094]
valMax 29.261254717757094 pos 5
Imagen  15
First 
valPSNR [20.831241693497347, 31.320042958708246, 31.27889733158948, 31.28809315736706, 31.33599111100859]
valMax 31.33599111100859 pos 5
Parches valPSNR [20.831241693497347, 31.320042958708246, 31.27889733158948, 31.28809315736706, 31.33599111100859]
valMax 31.33599111100859 pos 5
valPSNR [21.569534667249805, 31.37950406861089, 31.28643269528108, 31.337966078617427, 31.483065585957462]
valMax 31.483065585957462 pos 5
Parche 
 valPSNR [21.168717020652174, 30.186579600967953, 29.865389023886596, 30.0200066748925, 30.20622956297558]
valMax 30.20622956297558 pos 5
[(8, 314), (91, 214), (8, 9), (456, 361), (28, 762), (258, 322)]
(8, 314) (73, 337)
(8, 314) (72, 339)
(8, 314) (74, 336)
(8, 314) (54, 366)
(8, 314) (5, 244)
(8, 314) (56, 364)
(8, 314) (74, 336)
(8, 314) (70, 345)
(8, 314) (71, 343)
(8, 314) (72, 342)
(8, 314) (69, 346)
(8, 314) (70, 346)
(8, 314) (74, 336)
(8, 314) (71, 342)
(8, 314) (75, 333)
(8, 314) (72, 339)
(8, 314) (66, 352)
(8, 314) (71, 343)
(91, 214) (28, 245)
(91, 214) (28, 245)
(91, 214) (91, 284)
(91, 214) (53, 154)
(91, 214) (91, 144)
(91, 214) (158, 195)
(91, 214) (161, 214)
(91, 214) (91, 214)
(91, 214) (91, 144)
(91, 214) (91, 144)
(91, 214) (91, 144)
(91, 214) (161, 214)
(91, 214) (91, 214)
(91, 214) (91, 214)
(91, 214) (91, 144)
(91, 214) (41, 164)
(91, 214) (41, 164)
(91, 214) (91, 144)
(8, 9) (8, 9)
(8, 9) (8, 9)
(8, 9) (8, 79)
(8, 9) (47, 66)
(8, 9) (74, -12)
(8, 9) (64, 50)
(8, 9) (78, 9)
(8, 9) (-42, 58)
(8, 9) (-42, -41)
(8, 9) (-51, 47)
(8, 9) (-62, 9)
(8, 9) (-55, -23)
(8, 9) (70, 40)
(8, 9) (39, -54)
(8, 9) (57, -41)
(8, 9) (8, 9)
(8, 9) (-42, -41)
(8, 9) (-42, -41)
(456, 361) (498, 305)
(456, 361) (487, 298)
(456, 361) (510, 317)
(456, 361) (511, 403)
(456, 361) (397, 399)
(456, 361) (468, 429)
(456, 361) (456, 361)
(456, 361) (386, 361)
(456, 361) (518, 329)
(456, 361) (406, 311)
(456, 361) (456, 361)
(456, 361) (526, 361)
(456, 361) (389, 338)
(456, 361) (393, 329)
(456, 361) (424, 298)
(456, 361) (389, 338)
(456, 361) (386, 361)
(456, 361) (518, 392)
(28, 762) (-42, 757)
(28, 762) (-42, 762)
(28, 762) (-42, 753)
(28, 762) (-22, 712)
(28, 762) (92, 788)
(28, 762) (6, 695)
(28, 762) (-42, 768)
(28, 762) (-39, 784)
(28, 762) (-42, 765)
(28, 762) (-39, 738)
(28, 762) (-31, 723)
(28, 762) (-42, 757)
(28, 762) (-42, 762)
(28, 762) (-42, 755)
(28, 762) (-42, 762)
(28, 762) (-42, 773)
(28, 762) (-39, 784)
(28, 762) (-42, 770)
(258, 322) (188, 322)
(258, 322) (189, 334)
(258, 322) (193, 349)
(258, 322) (194, 291)
(258, 322) (219, 263)
(258, 322) (286, 385)
(258, 322) (223, 382)
(258, 322) (241, 389)
(258, 322) (295, 381)
(258, 322) (190, 338)
(258, 322) (258, 392)
(258, 322) (313, 364)
(258, 322) (197, 358)
(258, 322) (220, 381)
(258, 322) (285, 386)
(258, 322) (188, 310)
(258, 322) (193, 347)
(258, 322) (258, 392)
Best 
 valPSNR [20.831241693497347, 31.320042958708246, 31.27889733158948, 31.28809315736706, 31.33599111100859]
valMax 31.33599111100859 pos 5
Imagen  16
First 
valPSNR [20.267712500530322, 31.32384021588613, 31.33165280594134, 31.2766009205631, 31.441902826302574]
valMax 31.441902826302574 pos 5
Parches valPSNR [20.267712500530322, 31.32384021588613, 31.33165280594134, 31.2766009205631, 31.441902826302574]
valMax 31.441902826302574 pos 5
valPSNR [20.323171034811093, 37.48320447115909, 37.9499618596741, 37.84080645674824, 38.03906549287181]
valMax 38.03906549287181 pos 5
Parche 
 valPSNR [20.44352309727352, 31.923993842975676, 31.832034907103527, 31.966507620491164, 31.848466738416956]
valMax 31.966507620491164 pos 4
[(298, 167), (104, 46), (139, 675), (337, 438), (443, 15), (45, 470)]
(298, 167) (290, 97)
(298, 167) (290, 97)
(298, 167) (294, 97)
(298, 167) (305, 97)
(298, 167) (276, 100)
(298, 167) (311, 98)
(298, 167) (312, 98)
(298, 167) (309, 98)
(298, 167) (309, 98)
(298, 167) (308, 97)
(298, 167) (315, 99)
(298, 167) (309, 97)
(298, 167) (306, 97)
(298, 167) (306, 97)
(298, 167) (302, 97)
(298, 167) (302, 97)
(298, 167) (302, 97)
(298, 167) (301, 97)
(104, 46) (48, 4)
(104, 46) (104, -24)
(104, 46) (45, 7)
(104, 46) (149, 99)
(104, 46) (94, -24)
(104, 46) (127, 112)
(104, 46) (104, 46)
(104, 46) (104, -24)
(104, 46) (41, 14)
(104, 46) (54, -4)
(104, 46) (104, 46)
(104, 46) (174, 46)
(104, 46) (72, -17)
(104, 46) (153, -4)
(104, 46) (72, -17)
(104, 46) (104, -24)
(104, 46) (174, 46)
(104, 46) (104, 46)
(139, 675) (139, 745)
(139, 675) (177, 733)
(139, 675) (177, 733)
(139, 675) (196, 635)
(139, 675) (74, 647)
(139, 675) (75, 644)
(139, 675) (188, 625)
(139, 675) (139, 605)
(139, 675) (139, 605)
(139, 675) (188, 625)
(139, 675) (188, 625)
(139, 675) (209, 675)
(139, 675) (201, 706)
(139, 675) (139, 675)
(139, 675) (209, 675)
(139, 675) (209, 675)
(139, 675) (139, 675)
(139, 675) (209, 675)
(337, 438) (334, 507)
(337, 438) (331, 507)
(337, 438) (337, 508)
(337, 438) (291, 491)
(337, 438) (370, 499)
(337, 438) (372, 498)
(337, 438) (318, 505)
(337, 438) (324, 506)
(337, 438) (320, 506)
(337, 438) (312, 503)
(337, 438) (337, 508)
(337, 438) (320, 505)
(337, 438) (314, 504)
(337, 438) (337, 508)
(337, 438) (308, 501)
(337, 438) (337, 508)
(337, 438) (320, 505)
(337, 438) (325, 507)
(443, 15) (393, 64)
(443, 15) (380, 46)
(443, 15) (388, 58)
(443, 15) (489, 66)
(443, 15) (409, 76)
(443, 15) (373, 15)
(443, 15) (467, 80)
(443, 15) (456, 83)
(443, 15) (459, 82)
(443, 15) (451, 84)
(443, 15) (443, 85)
(443, 15) (454, 84)
(443, 15) (450, 84)
(443, 15) (426, 82)
(443, 15) (388, 58)
(443, 15) (443, 85)
(443, 15) (411, 77)
(443, 15) (411, 77)
(45, 470) (115, 470)
(45, 470) (115, 470)
(45, 470) (115, 470)
(45, 470) (106, 504)
(45, 470) (-5, 519)
(45, 470) (99, 513)
(45, 470) (-5, 420)
(45, 470) (-25, 470)
(45, 470) (45, 540)
(45, 470) (45, 470)
(45, 470) (45, 470)
(45, 470) (-5, 420)
(45, 470) (115, 470)
(45, 470) (45, 400)
(45, 470) (115, 470)
(45, 470) (115, 470)
(45, 470) (-25, 470)
(45, 470) (45, 470)
Best 
 valPSNR [20.267712500530322, 31.32384021588613, 31.33165280594134, 31.2766009205631, 31.441902826302574]
valMax 31.441902826302574 pos 5
Imagen  17
First 
valPSNR [20.629174683920517, 31.418087097312647, 31.578227282920565, 31.429587105476525, 31.724431013974428]
valMax 31.724431013974428 pos 5
Parches valPSNR [20.629174683920517, 31.418087097312647, 31.578227282920565, 31.429587105476525, 31.724431013974428]
valMax 31.724431013974428 pos 5
valPSNR [21.060599630464537, 25.960970192645615, 26.2277915752609, 26.14365130986176, 26.23472921264542]
valMax 26.23472921264542 pos 5
Parche 
 valPSNR [20.37462407179536, 29.820710983315145, 30.078458842691823, 29.646504536703056, 30.24344588594856]
valMax 30.24344588594856 pos 5
[(14, 383), (11, 116), (547, 450), (680, 164), (718, 324), (705, 164)]
(14, 383) (84, 383)
(14, 383) (84, 383)
(14, 383) (84, 383)
(14, 383) (-52, 358)
(14, 383) (-27, 325)
(14, 383) (-53, 405)
(14, 383) (84, 383)
(14, 383) (14, 383)
(14, 383) (63, 432)
(14, 383) (84, 383)
(14, 383) (14, 383)
(14, 383) (63, 432)
(14, 383) (14, 383)
(14, 383) (-56, 383)
(14, 383) (63, 432)
(14, 383) (14, 383)
(14, 383) (14, 383)
(14, 383) (14, 453)
(11, 116) (81, 116)
(11, 116) (81, 116)
(11, 116) (81, 116)
(11, 116) (-3, 47)
(11, 116) (37, 180)
(11, 116) (15, 46)
(11, 116) (11, 116)
(11, 116) (11, 116)
(11, 116) (-59, 116)
(11, 116) (11, 116)
(11, 116) (11, 46)
(11, 116) (-39, 66)
(11, 116) (11, 116)
(11, 116) (11, 116)
(11, 116) (11, 46)
(11, 116) (11, 116)
(11, 116) (11, 46)
(11, 116) (11, 116)
(547, 450) (596, 400)
(547, 450) (614, 433)
(547, 450) (547, 380)
(547, 450) (559, 381)
(547, 450) (496, 401)
(547, 450) (532, 381)
(547, 450) (617, 450)
(547, 450) (614, 466)
(547, 450) (605, 411)
(547, 450) (477, 450)
(547, 450) (477, 450)
(547, 450) (477, 450)
(547, 450) (497, 499)
(547, 450) (578, 512)
(547, 450) (578, 512)
(547, 450) (484, 418)
(547, 450) (547, 520)
(547, 450) (547, 450)
(680, 164) (702, 97)
(680, 164) (718, 105)
(680, 164) (729, 114)
(680, 164) (610, 170)
(680, 164) (661, 96)
(680, 164) (676, 94)
(680, 164) (630, 114)
(680, 164) (610, 164)
(680, 164) (729, 114)
(680, 164) (613, 141)
(680, 164) (610, 164)
(680, 164) (617, 132)
(680, 164) (729, 114)
(680, 164) (729, 114)
(680, 164) (729, 114)
(680, 164) (729, 114)
(680, 164) (729, 114)
(680, 164) (680, 164)
(718, 324) (718, 324)
(718, 324) (668, 274)
(718, 324) (767, 373)
(718, 324) (709, 254)
(718, 324) (744, 388)
(718, 324) (678, 266)
(718, 324) (749, 386)
(718, 324) (740, 390)
(718, 324) (780, 355)
(718, 324) (718, 254)
(718, 324) (718, 394)
(718, 324) (718, 324)
(718, 324) (767, 373)
(718, 324) (767, 373)
(718, 324) (767, 373)
(718, 324) (718, 324)
(718, 324) (718, 324)
(718, 324) (718, 324)
(705, 164) (635, 167)
(705, 164) (635, 172)
(705, 164) (635, 172)
(705, 164) (650, 208)
(705, 164) (668, 223)
(705, 164) (659, 110)
(705, 164) (635, 169)
(705, 164) (635, 166)
(705, 164) (635, 170)
(705, 164) (635, 164)
(705, 164) (635, 170)
(705, 164) (635, 171)
(705, 164) (635, 169)
(705, 164) (636, 177)
(705, 164) (635, 164)
(705, 164) (636, 179)
(705, 164) (635, 175)
(705, 164) (636, 177)
Best 
 valPSNR [20.629174683920517, 31.418087097312647, 31.578227282920565, 31.429587105476525, 31.724431013974428]
valMax 31.724431013974428 pos 5
Imagen  18
First 
valPSNR [20.534510769482477, 28.50698854942243, 28.64740221455634, 28.54660941943967, 28.740669825006876]
valMax 28.740669825006876 pos 5
Parches valPSNR [20.534510769482477, 28.50698854942243, 28.64740221455634, 28.54660941943967, 28.740669825006876]
valMax 28.740669825006876 pos 5
valPSNR [20.55205126191874, 31.89203429950095, 32.04779871132017, 31.86576222928705, 32.15095756366286]
valMax 32.15095756366286 pos 5
Parche 
 valPSNR [20.592603340254094, 29.152765269465448, 29.141873019951557, 29.02790174895136, 29.291055799436645]
valMax 29.291055799436645 pos 5
[(700, 329), (385, 24), (748, 58), (322, 300), (3, 117), (615, 343)]
(700, 329) (733, 390)
(700, 329) (733, 390)
(700, 329) (733, 390)
(700, 329) (630, 329)
(700, 329) (766, 352)
(700, 329) (743, 383)
(700, 329) (749, 378)
(700, 329) (749, 378)
(700, 329) (700, 399)
(700, 329) (749, 378)
(700, 329) (731, 391)
(700, 329) (650, 279)
(700, 329) (762, 360)
(700, 329) (770, 329)
(700, 329) (762, 360)
(700, 329) (731, 391)
(700, 329) (749, 378)
(700, 329) (749, 378)
(385, 24) (454, 18)
(385, 24) (454, 34)
(385, 24) (454, 33)
(385, 24) (410, 89)
(385, 24) (452, 43)
(385, 24) (390, -46)
(385, 24) (385, 24)
(385, 24) (454, 33)
(385, 24) (315, 24)
(385, 24) (434, 73)
(385, 24) (438, 68)
(385, 24) (437, 70)
(385, 24) (419, -37)
(385, 24) (455, 24)
(385, 24) (335, -26)
(385, 24) (450, 48)
(385, 24) (431, 76)
(385, 24) (447, 55)
(748, 58) (788, 1)
(748, 58) (736, -12)
(748, 58) (733, -11)
(748, 58) (763, -11)
(748, 58) (760, -11)
(748, 58) (807, 94)
(748, 58) (812, 31)
(748, 58) (775, -7)
(748, 58) (810, 26)
(748, 58) (763, -11)
(748, 58) (740, -12)
(748, 58) (771, -9)
(748, 58) (791, 2)
(748, 58) (801, 12)
(748, 58) (781, -4)
(748, 58) (797, 8)
(748, 58) (816, 41)
(748, 58) (804, 17)
(322, 300) (291, 363)
(322, 300) (309, 368)
(322, 300) (322, 370)
(322, 300) (278, 354)
(322, 300) (322, 370)
(322, 300) (334, 368)
(322, 300) (260, 333)
(322, 300) (263, 338)
(322, 300) (256, 325)
(322, 300) (288, 361)
(322, 300) (287, 360)
(322, 300) (284, 358)
(322, 300) (253, 312)
(322, 300) (258, 329)
(322, 300) (254, 319)
(322, 300) (269, 346)
(322, 300) (269, 346)
(322, 300) (263, 338)
(3, 117) (3, 47)
(3, 117) (0, 47)
(3, 117) (-2, 47)
(3, 117) (-8, 47)
(3, 117) (38, 56)
(3, 117) (3, 47)
(3, 117) (0, 47)
(3, 117) (-4, 47)
(3, 117) (-2, 47)
(3, 117) (-7, 47)
(3, 117) (-10, 48)
(3, 117) (-3, 47)
(3, 117) (5, 47)
(3, 117) (-1, 47)
(3, 117) (5, 47)
(3, 117) (3, 47)
(3, 117) (3, 47)
(3, 117) (5, 47)
(615, 343) (545, 343)
(615, 343) (545, 343)
(615, 343) (545, 343)
(615, 343) (684, 332)
(615, 343) (629, 411)
(615, 343) (557, 302)
(615, 343) (548, 320)
(615, 343) (545, 343)
(615, 343) (552, 311)
(615, 343) (556, 304)
(615, 343) (556, 304)
(615, 343) (547, 326)
(615, 343) (545, 343)
(615, 343) (548, 320)
(615, 343) (565, 293)
(615, 343) (545, 343)
(615, 343) (552, 374)
(615, 343) (545, 343)
Best 
 valPSNR [20.534510769482477, 28.50698854942243, 28.64740221455634, 28.54660941943967, 28.740669825006876]
valMax 28.740669825006876 pos 5
Imagen  19
First 
valPSNR [20.321082956903282, 30.528697389709386, 30.458732580457916, 30.553362333776604, 30.540479955491367]
valMax 30.553362333776604 pos 4
Parches valPSNR [20.321082956903282, 30.528697389709386, 30.458732580457916, 30.553362333776604, 30.540479955491367]
valMax 30.553362333776604 pos 4
valPSNR [20.616689980167102, 31.32288314753, 31.384556423210206, 31.341871856476637, 31.654270831689352]
valMax 31.654270831689352 pos 5
Parche 
 valPSNR [20.638921652719247, 28.423693625186452, 28.422301807196018, 28.423129463380306, 28.634683289265226]
valMax 28.634683289265226 pos 5
[(202, 437), (15, 350), (31, 0), (180, 114), (640, 144), (296, 503)]
(202, 437) (160, 381)
(202, 437) (185, 369)
(202, 437) (185, 369)
(202, 437) (146, 479)
(202, 437) (141, 401)
(202, 437) (158, 381)
(202, 437) (251, 486)
(202, 437) (152, 486)
(202, 437) (202, 507)
(202, 437) (152, 486)
(202, 437) (202, 507)
(202, 437) (132, 437)
(202, 437) (202, 507)
(202, 437) (152, 387)
(202, 437) (202, 507)
(202, 437) (202, 507)
(202, 437) (152, 486)
(202, 437) (152, 486)
(15, 350) (-44, 388)
(15, 350) (-2, 417)
(15, 350) (-2, 417)
(15, 350) (-29, 294)
(15, 350) (71, 391)
(15, 350) (59, 403)
(15, 350) (-35, 399)
(15, 350) (15, 420)
(15, 350) (-17, 412)
(15, 350) (15, 420)
(15, 350) (-17, 412)
(15, 350) (-17, 412)
(15, 350) (15, 420)
(15, 350) (37, 416)
(15, 350) (15, 420)
(15, 350) (15, 420)
(15, 350) (15, 420)
(15, 350) (15, 420)
(31, 0) (-37, -20)
(31, 0) (8, -67)
(31, 0) (-14, -54)
(31, 0) (1, 63)
(31, 0) (68, 58)
(31, 0) (-8, -59)
(31, 0) (31, -70)
(31, 0) (62, -63)
(31, 0) (62, -63)
(31, 0) (101, 0)
(31, 0) (31, -70)
(31, 0) (31, -70)
(31, 0) (14, -68)
(31, 0) (31, -70)
(31, 0) (31, -70)
(31, 0) (31, -70)
(31, 0) (31, -70)
(31, 0) (31, -70)
(180, 114) (205, 178)
(180, 114) (205, 178)
(180, 114) (223, 168)
(180, 114) (194, 182)
(180, 114) (110, 118)
(180, 114) (243, 142)
(180, 114) (180, 44)
(180, 114) (130, 64)
(180, 114) (229, 163)
(180, 114) (250, 114)
(180, 114) (180, 114)
(180, 114) (180, 114)
(180, 114) (180, 44)
(180, 114) (250, 114)
(180, 114) (250, 114)
(180, 114) (180, 114)
(180, 114) (250, 114)
(180, 114) (180, 114)
(640, 144) (676, 204)
(640, 144) (684, 197)
(640, 144) (669, 207)
(640, 144) (635, 213)
(640, 144) (638, 74)
(640, 144) (663, 209)
(640, 144) (702, 175)
(640, 144) (710, 144)
(640, 144) (698, 105)
(640, 144) (710, 144)
(640, 144) (707, 127)
(640, 144) (689, 193)
(640, 144) (710, 144)
(640, 144) (710, 144)
(640, 144) (678, 85)
(640, 144) (706, 166)
(640, 144) (710, 144)
(640, 144) (708, 130)
(296, 503) (254, 559)
(296, 503) (264, 565)
(296, 503) (241, 546)
(296, 503) (314, 570)
(296, 503) (322, 567)
(296, 503) (309, 434)
(296, 503) (296, 503)
(296, 503) (296, 433)
(296, 503) (296, 503)
(296, 503) (264, 440)
(296, 503) (246, 453)
(296, 503) (296, 433)
(296, 503) (226, 503)
(296, 503) (226, 503)
(296, 503) (226, 503)
(296, 503) (226, 503)
(296, 503) (264, 440)
(296, 503) (246, 453)
Best 
 valPSNR [20.321082956903282, 30.528697389709386, 30.458732580457916, 30.553362333776604, 30.540479955491367]
valMax 30.553362333776604 pos 4
Imagen  20
First 
valPSNR [21.40513104009177, 29.254069661469494, 29.23342899595142, 29.235554184486094, 29.335126256353476]
valMax 29.335126256353476 pos 5
Parches valPSNR [21.40513104009177, 29.254069661469494, 29.23342899595142, 29.235554184486094, 29.335126256353476]
valMax 29.335126256353476 pos 5
valPSNR [22.778312433975, 29.31240272796952, 29.36918030725149, 29.322827053788036, 29.366376046948794]
valMax 29.36918030725149 pos 3
Parche 
 valPSNR [21.07411523768862, 30.47320760137305, 30.278760585085692, 30.39079659444148, 30.650751562099806]
valMax 30.650751562099806 pos 5
[(250, 602), (234, 621), (506, 484), (29, 728), (319, 611), (207, 517)]
(250, 602) (312, 633)
(250, 602) (299, 651)
(250, 602) (250, 602)
(250, 602) (263, 533)
(250, 602) (288, 543)
(250, 602) (189, 566)
(250, 602) (299, 552)
(250, 602) (250, 532)
(250, 602) (250, 672)
(250, 602) (250, 602)
(250, 602) (250, 602)
(250, 602) (250, 602)
(250, 602) (250, 602)
(250, 602) (250, 602)
(250, 602) (250, 532)
(250, 602) (250, 672)
(250, 602) (250, 672)
(250, 602) (250, 602)
(234, 621) (234, 621)
(234, 621) (304, 621)
(234, 621) (234, 621)
(234, 621) (167, 598)
(234, 621) (205, 684)
(234, 621) (234, 691)
(234, 621) (164, 621)
(234, 621) (234, 691)
(234, 621) (283, 670)
(234, 621) (283, 670)
(234, 621) (234, 621)
(234, 621) (234, 621)
(234, 621) (234, 621)
(234, 621) (304, 621)
(234, 621) (234, 621)
(234, 621) (234, 691)
(234, 621) (234, 621)
(234, 621) (234, 621)
(506, 484) (460, 537)
(506, 484) (466, 541)
(506, 484) (462, 538)
(506, 484) (511, 553)
(506, 484) (462, 538)
(506, 484) (571, 459)
(506, 484) (441, 509)
(506, 484) (456, 434)
(506, 484) (447, 522)
(506, 484) (506, 554)
(506, 484) (456, 533)
(506, 484) (456, 533)
(506, 484) (506, 554)
(506, 484) (436, 484)
(506, 484) (474, 546)
(506, 484) (467, 542)
(506, 484) (438, 500)
(506, 484) (443, 515)
(29, 728) (29, 728)
(29, 728) (29, 728)
(29, 728) (29, 728)
(29, 728) (99, 728)
(29, 728) (29, 798)
(29, 728) (99, 728)
(29, 728) (29, 658)
(29, 728) (-41, 728)
(29, 728) (29, 728)
(29, 728) (29, 728)
(29, 728) (29, 728)
(29, 728) (29, 728)
(29, 728) (29, 798)
(29, 728) (29, 728)
(29, 728) (29, 728)
(29, 728) (29, 728)
(29, 728) (29, 728)
(29, 728) (29, 728)
(319, 611) (329, 680)
(319, 611) (330, 680)
(319, 611) (331, 679)
(319, 611) (348, 674)
(319, 611) (294, 676)
(319, 611) (375, 653)
(319, 611) (329, 680)
(319, 611) (324, 680)
(319, 611) (329, 680)
(319, 611) (321, 680)
(319, 611) (324, 680)
(319, 611) (322, 680)
(319, 611) (336, 678)
(319, 611) (333, 679)
(319, 611) (341, 677)
(319, 611) (327, 680)
(319, 611) (330, 680)
(319, 611) (331, 679)
(207, 517) (207, 587)
(207, 517) (207, 517)
(207, 517) (207, 517)
(207, 517) (235, 580)
(207, 517) (276, 513)
(207, 517) (188, 584)
(207, 517) (207, 587)
(207, 517) (207, 587)
(207, 517) (207, 517)
(207, 517) (207, 517)
(207, 517) (207, 517)
(207, 517) (207, 517)
(207, 517) (207, 587)
(207, 517) (207, 517)
(207, 517) (207, 517)
(207, 517) (207, 517)
(207, 517) (207, 517)
(207, 517) (207, 517)
Best 
 valPSNR [21.40513104009177, 29.254069661469494, 29.23342899595142, 29.235554184486094, 29.335126256353476]
valMax 29.335126256353476 pos 5
Imagen  21
First 
valPSNR [20.26020675998174, 29.836147659055918, 29.83385406261471, 29.825747315332762, 29.98253191153834]
valMax 29.98253191153834 pos 5
Parches valPSNR [20.26020675998174, 29.836147659055918, 29.83385406261471, 29.825747315332762, 29.98253191153834]
valMax 29.98253191153834 pos 5
valPSNR [20.62513439243552, 30.523702060991468, 30.514125902508713, 30.433764501266793, 30.775597188323594]
valMax 30.775597188323594 pos 5
Parche 
 valPSNR [20.701201627978346, 27.686051686939095, 27.618211659837964, 27.785863234431808, 27.746777518708626]
valMax 27.785863234431808 pos 4
[(116, 126), (367, 110), (284, 336), (147, 2), (107, 744), (315, 238)]
(116, 126) (158, 182)
(116, 126) (158, 182)
(116, 126) (132, 193)
(116, 126) (173, 165)
(116, 126) (182, 149)
(116, 126) (46, 123)
(116, 126) (116, 126)
(116, 126) (165, 76)
(116, 126) (116, 126)
(116, 126) (116, 56)
(116, 126) (116, 56)
(116, 126) (116, 126)
(116, 126) (186, 126)
(116, 126) (116, 56)
(116, 126) (186, 126)
(116, 126) (116, 126)
(116, 126) (116, 126)
(116, 126) (116, 126)
(367, 110) (409, 166)
(367, 110) (398, 172)
(367, 110) (395, 173)
(367, 110) (384, 177)
(367, 110) (298, 96)
(367, 110) (424, 149)
(367, 110) (395, 173)
(367, 110) (395, 174)
(367, 110) (388, 176)
(367, 110) (393, 174)
(367, 110) (383, 177)
(367, 110) (382, 178)
(367, 110) (391, 175)
(367, 110) (383, 178)
(367, 110) (387, 177)
(367, 110) (395, 173)
(367, 110) (387, 176)
(367, 110) (387, 176)
(284, 336) (353, 333)
(284, 336) (353, 329)
(284, 336) (350, 315)
(284, 336) (342, 374)
(284, 336) (272, 266)
(284, 336) (324, 393)
(284, 336) (349, 361)
(284, 336) (353, 330)
(284, 336) (354, 336)
(284, 336) (349, 360)
(284, 336) (352, 322)
(284, 336) (353, 326)
(284, 336) (347, 364)
(284, 336) (349, 361)
(284, 336) (349, 360)
(284, 336) (352, 351)
(284, 336) (353, 331)
(284, 336) (353, 344)
(147, 2) (80, 24)
(147, 2) (147, 72)
(147, 2) (196, 51)
(147, 2) (156, 71)
(147, 2) (203, -40)
(147, 2) (197, -46)
(147, 2) (205, 40)
(147, 2) (97, 51)
(147, 2) (213, -21)
(147, 2) (196, 51)
(147, 2) (213, 24)
(147, 2) (178, -61)
(147, 2) (196, 51)
(147, 2) (217, 2)
(147, 2) (147, -68)
(147, 2) (217, 2)
(147, 2) (147, 2)
(147, 2) (209, -30)
(107, 744) (37, 744)
(107, 744) (37, 744)
(107, 744) (75, 806)
(107, 744) (111, 813)
(107, 744) (38, 731)
(107, 744) (47, 780)
(107, 744) (156, 793)
(107, 744) (169, 775)
(107, 744) (177, 744)
(107, 744) (107, 744)
(107, 744) (177, 744)
(107, 744) (107, 744)
(107, 744) (107, 814)
(107, 744) (107, 744)
(107, 744) (107, 814)
(107, 744) (107, 744)
(107, 744) (107, 674)
(107, 744) (177, 744)
(315, 238) (324, 168)
(315, 238) (324, 168)
(315, 238) (324, 168)
(315, 238) (374, 274)
(315, 238) (317, 168)
(315, 238) (331, 169)
(315, 238) (343, 173)
(315, 238) (337, 171)
(315, 238) (344, 174)
(315, 238) (335, 171)
(315, 238) (339, 172)
(315, 238) (332, 170)
(315, 238) (335, 171)
(315, 238) (334, 170)
(315, 238) (334, 170)
(315, 238) (330, 169)
(315, 238) (335, 171)
(315, 238) (328, 169)
Best 
 valPSNR [20.26020675998174, 29.836147659055918, 29.83385406261471, 29.825747315332762, 29.98253191153834]
valMax 29.98253191153834 pos 5
Imagen  22
First 
valPSNR [20.276825194921628, 29.89730674725387, 29.92764157695516, 29.953077000379107, 30.065765016497068]
valMax 30.065765016497068 pos 5
Parches valPSNR [20.276825194921628, 29.89730674725387, 29.92764157695516, 29.953077000379107, 30.065765016497068]
valMax 30.065765016497068 pos 5
valPSNR [20.924461881243943, 29.26767108743561, 29.27731141963563, 29.331486407941565, 29.30825161575396]
valMax 29.331486407941565 pos 4
Parche 
 valPSNR [20.422737429844705, 31.650629307047993, 31.714218832605304, 31.735323764624404, 31.9133035118694]
valMax 31.9133035118694 pos 5
[(228, 520), (356, 182), (238, 537), (31, 705), (132, 351), (147, 267)]
(228, 520) (284, 478)
(228, 520) (280, 473)
(228, 520) (285, 480)
(228, 520) (203, 454)
(228, 520) (286, 481)
(228, 520) (285, 480)
(228, 520) (196, 457)
(228, 520) (196, 457)
(228, 520) (247, 452)
(228, 520) (295, 503)
(228, 520) (191, 459)
(228, 520) (250, 453)
(228, 520) (277, 470)
(228, 520) (209, 452)
(228, 520) (221, 450)
(228, 520) (277, 470)
(228, 520) (189, 461)
(228, 520) (271, 465)
(356, 182) (297, 143)
(356, 182) (286, 182)
(356, 182) (295, 145)
(356, 182) (404, 232)
(356, 182) (368, 250)
(356, 182) (335, 114)
(356, 182) (356, 252)
(356, 182) (405, 231)
(356, 182) (293, 150)
(356, 182) (426, 182)
(356, 182) (405, 231)
(356, 182) (418, 213)
(356, 182) (418, 213)
(356, 182) (414, 220)
(356, 182) (387, 244)
(356, 182) (356, 182)
(356, 182) (405, 231)
(356, 182) (426, 182)
(238, 537) (263, 601)
(238, 537) (276, 595)
(238, 537) (307, 545)
(238, 537) (305, 555)
(238, 537) (287, 586)
(238, 537) (200, 596)
(238, 537) (304, 559)
(238, 537) (302, 511)
(238, 537) (302, 511)
(238, 537) (287, 586)
(238, 537) (308, 537)
(238, 537) (298, 502)
(238, 537) (238, 467)
(238, 537) (276, 478)
(238, 537) (308, 537)
(238, 537) (280, 592)
(238, 537) (305, 557)
(238, 537) (302, 564)
(31, 705) (31, 775)
(31, 705) (31, 775)
(31, 705) (31, 775)
(31, 705) (-25, 662)
(31, 705) (94, 734)
(31, 705) (37, 774)
(31, 705) (31, 705)
(31, 705) (31, 635)
(31, 705) (53, 771)
(31, 705) (101, 705)
(31, 705) (80, 754)
(31, 705) (31, 705)
(31, 705) (31, 775)
(31, 705) (-39, 705)
(31, 705) (80, 754)
(31, 705) (-39, 705)
(31, 705) (31, 775)
(31, 705) (-1, 767)
(132, 351) (194, 382)
(132, 351) (193, 384)
(132, 351) (196, 378)
(132, 351) (75, 392)
(132, 351) (201, 355)
(132, 351) (191, 387)
(132, 351) (168, 411)
(132, 351) (181, 301)
(132, 351) (190, 389)
(132, 351) (175, 405)
(132, 351) (181, 301)
(132, 351) (185, 395)
(132, 351) (181, 400)
(132, 351) (192, 316)
(132, 351) (201, 362)
(132, 351) (177, 404)
(132, 351) (188, 393)
(132, 351) (170, 409)
(147, 267) (211, 241)
(147, 267) (215, 253)
(147, 267) (209, 235)
(147, 267) (150, 197)
(147, 267) (213, 288)
(147, 267) (209, 234)
(147, 267) (115, 204)
(147, 267) (196, 316)
(147, 267) (147, 197)
(147, 267) (209, 235)
(147, 267) (178, 204)
(147, 267) (147, 197)
(147, 267) (121, 202)
(147, 267) (124, 200)
(147, 267) (77, 267)
(147, 267) (209, 235)
(147, 267) (169, 200)
(147, 267) (115, 204)
Best 
 valPSNR [20.276825194921628, 29.89730674725387, 29.92764157695516, 29.953077000379107, 30.065765016497068]
valMax 30.065765016497068 pos 5
Imagen  23
First 
valPSNR [20.382292727076003, 33.760111278863654, 33.81201960597387, 33.85450514222389, 33.99858288914593]
valMax 33.99858288914593 pos 5
Parches valPSNR [20.382292727076003, 33.760111278863654, 33.81201960597387, 33.85450514222389, 33.99858288914593]
valMax 33.99858288914593 pos 5
valPSNR [20.451979944357248, 37.668073934897926, 37.82608938827857, 37.621639009573514, 37.891265581670424]
valMax 37.891265581670424 pos 5
Parche 
 valPSNR [20.357472462799066, 35.947443860518675, 35.438270177310415, 35.91220767579642, 36.356275474288616]
valMax 36.356275474288616 pos 5
[(39, 10), (199, 2), (132, 97), (236, 443), (191, 243), (235, 110)]
(39, 10) (88, 59)
(39, 10) (106, 26)
(39, 10) (106, 26)
(39, 10) (50, 78)
(39, 10) (108, 1)
(39, 10) (107, -4)
(39, 10) (39, -60)
(39, 10) (109, 10)
(39, 10) (109, 10)
(39, 10) (101, 41)
(39, 10) (109, 10)
(39, 10) (109, 10)
(39, 10) (109, 10)
(39, 10) (105, -13)
(39, 10) (109, 10)
(39, 10) (109, 10)
(39, 10) (109, 10)
(39, 10) (106, 26)
(199, 2) (143, 44)
(199, 2) (129, 2)
(199, 2) (143, 44)
(199, 2) (129, 3)
(199, 2) (170, 65)
(199, 2) (264, 27)
(199, 2) (199, 72)
(199, 2) (176, 68)
(199, 2) (215, 69)
(199, 2) (167, 64)
(199, 2) (199, 72)
(199, 2) (199, 72)
(199, 2) (199, 72)
(199, 2) (149, 51)
(199, 2) (221, 68)
(199, 2) (176, 68)
(199, 2) (199, 72)
(199, 2) (176, 68)
(132, 97) (154, 163)
(132, 97) (154, 163)
(132, 97) (154, 163)
(132, 97) (69, 65)
(132, 97) (182, 48)
(132, 97) (87, 42)
(132, 97) (132, 167)
(132, 97) (202, 97)
(132, 97) (69, 65)
(132, 97) (132, 97)
(132, 97) (202, 97)
(132, 97) (132, 97)
(132, 97) (202, 97)
(132, 97) (202, 97)
(132, 97) (202, 97)
(132, 97) (132, 167)
(132, 97) (132, 27)
(132, 97) (62, 97)
(236, 443) (290, 486)
(236, 443) (290, 487)
(236, 443) (294, 481)
(236, 443) (284, 493)
(236, 443) (247, 374)
(236, 443) (303, 422)
(236, 443) (303, 459)
(236, 443) (302, 465)
(236, 443) (304, 458)
(236, 443) (306, 443)
(236, 443) (295, 480)
(236, 443) (298, 474)
(236, 443) (303, 462)
(236, 443) (303, 459)
(236, 443) (301, 467)
(236, 443) (302, 465)
(236, 443) (301, 467)
(236, 443) (303, 459)
(191, 243) (127, 214)
(191, 243) (132, 204)
(191, 243) (130, 208)
(191, 243) (177, 174)
(191, 243) (157, 304)
(191, 243) (125, 267)
(191, 243) (126, 217)
(191, 243) (124, 220)
(191, 243) (141, 193)
(191, 243) (141, 193)
(191, 243) (141, 193)
(191, 243) (191, 173)
(191, 243) (121, 243)
(191, 243) (191, 313)
(191, 243) (122, 229)
(191, 243) (124, 220)
(191, 243) (128, 211)
(191, 243) (141, 193)
(235, 110) (203, 47)
(235, 110) (203, 47)
(235, 110) (203, 47)
(235, 110) (180, 154)
(235, 110) (304, 118)
(235, 110) (304, 109)
(235, 110) (172, 141)
(235, 110) (185, 159)
(235, 110) (172, 141)
(235, 110) (185, 159)
(235, 110) (185, 159)
(235, 110) (172, 141)
(235, 110) (203, 172)
(235, 110) (235, 180)
(235, 110) (203, 172)
(235, 110) (168, 87)
(235, 110) (172, 141)
(235, 110) (165, 110)
Best 
 valPSNR [20.382292727076003, 33.760111278863654, 33.81201960597387, 33.85450514222389, 33.99858288914593]
valMax 33.99858288914593 pos 5
Imagen  24
First 
valPSNR [20.372133379581697, 28.504087551025044, 28.62152319092688, 28.57590054721289, 28.762013269535615]
valMax 28.762013269535615 pos 5
Parches valPSNR [20.372133379581697, 28.504087551025044, 28.62152319092688, 28.57590054721289, 28.762013269535615]
valMax 28.762013269535615 pos 5
valPSNR [20.410474468659462, 30.67418550014778, 30.787194860145426, 30.84493765667977, 30.964528478940963]
valMax 30.964528478940963 pos 5
Parche 
 valPSNR [20.435454414626673, 29.24350905590629, 29.25329129774271, 29.313921033216737, 29.569152782768438]
valMax 29.569152782768438 pos 5
[(470, 265), (373, 458), (392, 134), (427, 47), (258, 562), (337, 637)]
(470, 265) (447, 331)
(470, 265) (407, 296)
(470, 265) (403, 242)
(470, 265) (400, 257)
(470, 265) (539, 275)
(470, 265) (537, 248)
(470, 265) (479, 334)
(470, 265) (470, 335)
(470, 265) (456, 333)
(470, 265) (449, 331)
(470, 265) (438, 327)
(470, 265) (400, 265)
(470, 265) (429, 321)
(470, 265) (461, 334)
(470, 265) (400, 265)
(470, 265) (459, 334)
(470, 265) (444, 329)
(470, 265) (444, 329)
(373, 458) (413, 514)
(373, 458) (413, 515)
(373, 458) (398, 523)
(373, 458) (391, 525)
(373, 458) (430, 498)
(373, 458) (305, 476)
(373, 458) (356, 390)
(373, 458) (353, 390)
(373, 458) (373, 388)
(373, 458) (373, 388)
(373, 458) (381, 388)
(373, 458) (353, 390)
(373, 458) (422, 408)
(373, 458) (398, 393)
(373, 458) (373, 388)
(373, 458) (382, 388)
(373, 458) (415, 402)
(373, 458) (398, 393)
(392, 134) (322, 134)
(392, 134) (322, 134)
(392, 134) (322, 134)
(392, 134) (323, 150)
(392, 134) (353, 75)
(392, 134) (436, 188)
(392, 134) (462, 134)
(392, 134) (460, 147)
(392, 134) (353, 192)
(392, 134) (342, 183)
(392, 134) (414, 67)
(392, 134) (322, 134)
(392, 134) (322, 134)
(392, 134) (342, 183)
(392, 134) (323, 120)
(392, 134) (342, 84)
(392, 134) (462, 134)
(392, 134) (322, 127)
(427, 47) (494, 65)
(427, 47) (496, 51)
(427, 47) (496, 56)
(427, 47) (432, 116)
(427, 47) (362, 20)
(427, 47) (447, 113)
(427, 47) (494, 66)
(427, 47) (490, 75)
(427, 47) (470, 101)
(427, 47) (364, 15)
(427, 47) (377, -3)
(427, 47) (360, 24)
(427, 47) (427, 117)
(427, 47) (497, 47)
(427, 47) (491, 72)
(427, 47) (471, 100)
(427, 47) (495, 33)
(427, 47) (497, 47)
(258, 562) (258, 492)
(258, 562) (258, 632)
(258, 562) (258, 632)
(258, 562) (255, 631)
(258, 562) (324, 541)
(258, 562) (320, 593)
(258, 562) (258, 632)
(258, 562) (258, 562)
(258, 562) (328, 562)
(258, 562) (307, 512)
(258, 562) (328, 562)
(258, 562) (320, 593)
(258, 562) (320, 530)
(258, 562) (320, 593)
(258, 562) (208, 512)
(258, 562) (258, 492)
(258, 562) (328, 562)
(258, 562) (307, 512)
(337, 637) (267, 642)
(337, 637) (267, 648)
(337, 637) (267, 642)
(337, 637) (272, 611)
(337, 637) (340, 706)
(337, 637) (296, 580)
(337, 637) (407, 637)
(337, 637) (403, 614)
(337, 637) (403, 614)
(337, 637) (386, 686)
(337, 637) (337, 707)
(337, 637) (337, 637)
(337, 637) (386, 686)
(337, 637) (386, 686)
(337, 637) (395, 675)
(337, 637) (386, 587)
(337, 637) (407, 637)
(337, 637) (407, 637)
Best 
 valPSNR [20.372133379581697, 28.504087551025044, 28.62152319092688, 28.57590054721289, 28.762013269535615]
valMax 28.762013269535615 pos 5
