Imagen  1
First 
valPSNR [20.27387223999329, 27.867027312640214, 27.941701069690698, 27.944833997259394, 28.100513677839967]
valMax 28.100513677839967 pos 5
Parches valPSNR [20.27387223999329, 27.867027312640214, 27.941701069690698, 27.944833997259394, 28.100513677839967]
valMax 28.100513677839967 pos 5
valPSNR [20.44324087224937, 27.042867319785472, 27.39726313185124, 27.1906040973741, 27.43554480781691]
valMax 27.43554480781691 pos 5
Parche 
 valPSNR [20.346370830921554, 26.89963998185854, 26.92476309019686, 27.018925771246955, 27.0439816755197]
valMax 27.0439816755197 pos 5
shape 510 766 3
shape 510 766 3
shape 510 766 3
shape 510 766 3
shape 510 766 3
shape 510 766 3
[(503, 231), (317, 678), (323, 329)]
(503, 231) (573, 231)
(503, 231) (573, 231)
(503, 231) (573, 231)
(503, 231) (572, 233)
(503, 231) (569, 253)
(503, 231) (453, 181)
(503, 231) (471, 293)
(503, 231) (440, 262)
(503, 231) (503, 231)
(503, 231) (528, 166)
(503, 231) (516, 162)
(503, 231) (489, 162)
(503, 231) (471, 293)
(503, 231) (444, 269)
(503, 231) (480, 297)
(503, 231) (573, 231)
(503, 231) (453, 181)
(503, 231) (503, 301)
(317, 678) (317, 608)
(317, 678) (317, 608)
(317, 678) (317, 608)
(317, 678) (365, 728)
(317, 678) (248, 661)
(317, 678) (374, 637)
(317, 678) (307, 608)
(317, 678) (308, 608)
(317, 678) (317, 608)
(317, 678) (359, 622)
(317, 678) (355, 619)
(317, 678) (379, 646)
(317, 678) (382, 653)
(317, 678) (385, 691)
(317, 678) (386, 669)
(317, 678) (381, 652)
(317, 678) (385, 664)
(317, 678) (385, 664)
(323, 329) (253, 329)
(323, 329) (253, 330)
(323, 329) (253, 326)
(323, 329) (258, 303)
(323, 329) (259, 358)
(323, 329) (254, 313)
(323, 329) (256, 351)
(323, 329) (253, 334)
(323, 329) (258, 354)
(323, 329) (287, 389)
(323, 329) (271, 376)
(323, 329) (281, 385)
(323, 329) (262, 363)
(323, 329) (259, 359)
(323, 329) (267, 372)
(323, 329) (253, 332)
(323, 329) (253, 326)
(323, 329) (253, 325)
Best 
 valPSNR [20.27387223999329, 27.867027312640214, 27.941701069690698, 27.944833997259394, 28.100513677839967]
valMax 28.100513677839967 pos 5
Imagen  2
First 
valPSNR [20.582909643318523, 31.69094353144475, 31.71028960479632, 31.72064521829327, 31.813701424310615]
valMax 31.813701424310615 pos 5
Parches valPSNR [20.582909643318523, 31.69094353144475, 31.71028960479632, 31.72064521829327, 31.813701424310615]
valMax 31.813701424310615 pos 5
valPSNR [20.604943413983897, 29.90091164771629, 30.065649511152053, 29.896497797988705, 30.061885289246746]
valMax 30.065649511152053 pos 3
Parche 
 valPSNR [20.80355996875028, 33.84412164402048, 33.90790649366329, 33.9617384437411, 33.976301725263184]
valMax 33.976301725263184 pos 5
shape 510 766 3
shape 510 766 3
shape 510 766 3
shape 510 766 3
shape 510 766 3
shape 510 766 3
[(465, 407), (435, 190), (483, 362)]
(465, 407) (531, 429)
(465, 407) (524, 444)
(465, 407) (496, 469)
(465, 407) (501, 466)
(465, 407) (515, 455)
(465, 407) (437, 471)
(465, 407) (514, 456)
(465, 407) (465, 407)
(465, 407) (398, 429)
(465, 407) (433, 344)
(465, 407) (415, 357)
(465, 407) (415, 456)
(465, 407) (465, 337)
(465, 407) (465, 337)
(465, 407) (395, 407)
(465, 407) (415, 357)
(465, 407) (465, 407)
(465, 407) (465, 477)
(435, 190) (460, 254)
(435, 190) (466, 252)
(435, 190) (471, 250)
(435, 190) (504, 178)
(435, 190) (435, 260)
(435, 190) (381, 145)
(435, 190) (435, 190)
(435, 190) (435, 190)
(435, 190) (385, 140)
(435, 190) (435, 260)
(435, 190) (484, 239)
(435, 190) (505, 190)
(435, 190) (435, 190)
(435, 190) (435, 120)
(435, 190) (435, 120)
(435, 190) (435, 190)
(435, 190) (435, 190)
(435, 190) (435, 190)
(483, 362) (483, 362)
(483, 362) (413, 362)
(483, 362) (553, 362)
(483, 362) (415, 344)
(483, 362) (462, 428)
(483, 362) (478, 292)
(483, 362) (451, 299)
(483, 362) (433, 312)
(483, 362) (483, 292)
(483, 362) (420, 330)
(483, 362) (420, 330)
(483, 362) (532, 312)
(483, 362) (483, 362)
(483, 362) (483, 292)
(483, 362) (514, 299)
(483, 362) (413, 362)
(483, 362) (433, 312)
(483, 362) (532, 312)
Best 
 valPSNR [20.582909643318523, 31.69094353144475, 31.71028960479632, 31.72064521829327, 31.813701424310615]
valMax 31.813701424310615 pos 5
Imagen  3
First 
valPSNR [20.373455562780958, 33.19782179271403, 33.261550356691956, 33.27111147072383, 33.34764011845944]
valMax 33.34764011845944 pos 5
Parches valPSNR [20.373455562780958, 33.19782179271403, 33.261550356691956, 33.27111147072383, 33.34764011845944]
valMax 33.34764011845944 pos 5
valPSNR [20.513220064047836, 31.77496309908754, 31.973953634362367, 32.09490636377499, 32.18820463805311]
valMax 32.18820463805311 pos 5
Parche 
 valPSNR [20.53861444584173, 33.928285358254705, 33.95250025815745, 33.86602391550789, 33.87117173759757]
valMax 33.95250025815745 pos 3
shape 510 766 3
shape 510 766 3
shape 510 766 3
shape 510 766 3
shape 510 766 3
shape 510 766 3
[(197, 565), (329, 265), (251, 655)]
(197, 565) (197, 495)
(197, 565) (197, 495)
(197, 565) (197, 495)
(197, 565) (138, 526)
(197, 565) (204, 634)
(197, 565) (192, 495)
(197, 565) (147, 515)
(197, 565) (147, 515)
(197, 565) (147, 515)
(197, 565) (147, 515)
(197, 565) (147, 515)
(197, 565) (197, 495)
(197, 565) (267, 565)
(197, 565) (246, 515)
(197, 565) (246, 515)
(197, 565) (197, 565)
(197, 565) (197, 495)
(197, 565) (147, 515)
(329, 265) (317, 334)
(329, 265) (329, 335)
(329, 265) (297, 327)
(329, 265) (301, 329)
(329, 265) (323, 334)
(329, 265) (334, 334)
(329, 265) (399, 265)
(329, 265) (399, 265)
(329, 265) (378, 215)
(329, 265) (329, 265)
(329, 265) (259, 265)
(329, 265) (329, 335)
(329, 265) (279, 314)
(329, 265) (391, 233)
(329, 265) (279, 215)
(329, 265) (259, 265)
(329, 265) (259, 265)
(329, 265) (259, 265)
(251, 655) (251, 655)
(251, 655) (300, 704)
(251, 655) (201, 605)
(251, 655) (314, 684)
(251, 655) (284, 716)
(251, 655) (188, 686)
(251, 655) (282, 717)
(251, 655) (313, 686)
(251, 655) (321, 655)
(251, 655) (251, 725)
(251, 655) (251, 725)
(251, 655) (201, 605)
(251, 655) (321, 655)
(251, 655) (321, 655)
(251, 655) (321, 655)
(251, 655) (300, 704)
(251, 655) (321, 655)
(251, 655) (321, 655)
Best 
 valPSNR [20.373455562780958, 33.19782179271403, 33.261550356691956, 33.27111147072383, 33.34764011845944]
valMax 33.34764011845944 pos 5
Imagen  4
First 
valPSNR [20.342463333887395, 31.798089905133867, 31.753459545987827, 31.821709220915192, 31.871592530593695]
valMax 31.871592530593695 pos 5
Parches valPSNR [20.342463333887395, 31.798089905133867, 31.753459545987827, 31.821709220915192, 31.871592530593695]
valMax 31.871592530593695 pos 5
valPSNR [20.571656528192644, 27.889592761057326, 27.77134373549262, 27.94717024463996, 27.94763892932094]
valMax 27.94763892932094 pos 5
Parche 
 valPSNR [20.476299037365997, 32.710836742812845, 32.91030972437391, 32.61150557880876, 32.82452288197592]
valMax 32.91030972437391 pos 3
shape 766 510 3
shape 766 510 3
shape 766 510 3
shape 766 510 3
shape 766 510 3
shape 766 510 3
[(563, 479), (694, 336), (614, 502)]
(563, 479) (633, 479)
(563, 479) (633, 479)
(563, 479) (633, 479)
(563, 479) (533, 415)
(563, 479) (605, 534)
(563, 479) (556, 548)
(563, 479) (588, 543)
(563, 479) (625, 510)
(563, 479) (563, 549)
(563, 479) (633, 479)
(563, 479) (493, 479)
(563, 479) (612, 528)
(563, 479) (563, 549)
(563, 479) (493, 479)
(563, 479) (513, 528)
(563, 479) (513, 528)
(563, 479) (563, 479)
(563, 479) (563, 479)
(694, 336) (624, 336)
(694, 336) (627, 313)
(694, 336) (625, 322)
(694, 336) (758, 362)
(694, 336) (643, 288)
(694, 336) (763, 340)
(694, 336) (694, 406)
(694, 336) (644, 385)
(694, 336) (694, 406)
(694, 336) (644, 286)
(694, 336) (624, 336)
(694, 336) (662, 273)
(694, 336) (624, 336)
(694, 336) (644, 286)
(694, 336) (694, 406)
(694, 336) (624, 336)
(694, 336) (624, 336)
(694, 336) (624, 336)
(614, 502) (614, 572)
(614, 502) (614, 572)
(614, 502) (614, 572)
(614, 502) (658, 556)
(614, 502) (664, 550)
(614, 502) (624, 571)
(614, 502) (629, 433)
(614, 502) (598, 570)
(614, 502) (629, 433)
(614, 502) (614, 502)
(614, 502) (614, 572)
(614, 502) (614, 432)
(614, 502) (614, 572)
(614, 502) (564, 452)
(614, 502) (614, 432)
(614, 502) (614, 502)
(614, 502) (663, 452)
(614, 502) (684, 502)
Best 
 valPSNR [20.342463333887395, 31.798089905133867, 31.753459545987827, 31.821709220915192, 31.871592530593695]
valMax 31.871592530593695 pos 5
Imagen  5
First 
valPSNR [20.50856595299674, 28.28596320408211, 28.30458370828854, 28.28731527305505, 28.463157888542952]
valMax 28.463157888542952 pos 5
Parches valPSNR [20.50856595299674, 28.28596320408211, 28.30458370828854, 28.28731527305505, 28.463157888542952]
valMax 28.463157888542952 pos 5
valPSNR [20.733103692282832, 27.2515985313413, 27.237505957477897, 27.319738800208366, 27.541498274245946]
valMax 27.541498274245946 pos 5
Parche 
 valPSNR [20.662404233098375, 27.829679786075133, 27.94741535951215, 27.97423634654408, 28.06012167622422]
valMax 28.06012167622422 pos 5
shape 510 766 3
shape 510 766 3
shape 510 766 3
shape 510 766 3
shape 510 766 3
shape 510 766 3
[(465, 595), (90, 201), (430, 119)]
(465, 595) (465, 595)
(465, 595) (465, 595)
(465, 595) (465, 595)
(465, 595) (489, 660)
(465, 595) (415, 545)
(465, 595) (395, 595)
(465, 595) (395, 595)
(465, 595) (409, 637)
(465, 595) (395, 595)
(465, 595) (415, 545)
(465, 595) (409, 553)
(465, 595) (398, 617)
(465, 595) (400, 569)
(465, 595) (404, 558)
(465, 595) (398, 572)
(465, 595) (415, 545)
(465, 595) (402, 563)
(465, 595) (396, 581)
(90, 201) (20, 212)
(90, 201) (22, 217)
(90, 201) (20, 209)
(90, 201) (116, 265)
(90, 201) (39, 152)
(90, 201) (23, 179)
(90, 201) (31, 162)
(90, 201) (34, 159)
(90, 201) (27, 169)
(90, 201) (27, 232)
(90, 201) (20, 201)
(90, 201) (27, 232)
(90, 201) (160, 201)
(90, 201) (40, 151)
(90, 201) (90, 131)
(90, 201) (58, 263)
(90, 201) (20, 212)
(90, 201) (21, 214)
(430, 119) (488, 157)
(430, 119) (490, 154)
(430, 119) (489, 155)
(430, 119) (406, 53)
(430, 119) (476, 170)
(430, 119) (484, 162)
(430, 119) (472, 174)
(430, 119) (493, 149)
(430, 119) (490, 154)
(430, 119) (483, 164)
(430, 119) (488, 156)
(430, 119) (487, 158)
(430, 119) (479, 168)
(430, 119) (488, 157)
(430, 119) (487, 158)
(430, 119) (479, 168)
(430, 119) (488, 156)
(430, 119) (486, 161)
Best 
 valPSNR [20.50856595299674, 28.28596320408211, 28.30458370828854, 28.28731527305505, 28.463157888542952]
valMax 28.463157888542952 pos 5
Imagen  6
First 
valPSNR [20.409705727743194, 29.078749465941684, 28.982021951466926, 29.099079285652753, 29.209878727195683]
valMax 29.209878727195683 pos 5
Parches valPSNR [20.409705727743194, 29.078749465941684, 28.982021951466926, 29.099079285652753, 29.209878727195683]
valMax 29.209878727195683 pos 5
valPSNR [20.489739931443054, 26.042468698156767, 26.02537739865255, 26.110516338031292, 26.241884461763604]
valMax 26.241884461763604 pos 5
Parche 
 valPSNR [20.426953517737783, 32.41406725066654, 32.440907114560396, 32.59593762909416, 32.518991816391875]
valMax 32.59593762909416 pos 4
shape 510 766 3
shape 510 766 3
shape 510 766 3
shape 510 766 3
shape 510 766 3
shape 510 766 3
[(197, 217), (250, 481), (457, 392)]
(197, 217) (211, 285)
(197, 217) (210, 285)
(197, 217) (213, 284)
(197, 217) (217, 284)
(197, 217) (142, 260)
(197, 217) (179, 284)
(197, 217) (201, 286)
(197, 217) (199, 286)
(197, 217) (205, 286)
(197, 217) (203, 286)
(197, 217) (206, 286)
(197, 217) (212, 285)
(197, 217) (199, 286)
(197, 217) (205, 286)
(197, 217) (204, 286)
(197, 217) (174, 283)
(197, 217) (172, 282)
(197, 217) (175, 283)
(250, 481) (212, 540)
(250, 481) (209, 538)
(250, 481) (223, 545)
(250, 481) (198, 434)
(250, 481) (274, 546)
(250, 481) (319, 489)
(250, 481) (224, 416)
(250, 481) (211, 422)
(250, 481) (233, 413)
(250, 481) (266, 413)
(250, 481) (218, 418)
(250, 481) (200, 431)
(250, 481) (231, 413)
(250, 481) (265, 412)
(250, 481) (225, 415)
(250, 481) (250, 411)
(250, 481) (218, 418)
(250, 481) (200, 431)
(457, 392) (473, 459)
(457, 392) (443, 460)
(457, 392) (479, 458)
(457, 392) (399, 432)
(457, 392) (490, 453)
(457, 392) (518, 424)
(457, 392) (434, 458)
(457, 392) (434, 458)
(457, 392) (387, 392)
(457, 392) (407, 342)
(457, 392) (387, 392)
(457, 392) (425, 329)
(457, 392) (407, 342)
(457, 392) (390, 369)
(457, 392) (457, 392)
(457, 392) (457, 392)
(457, 392) (407, 342)
(457, 392) (457, 392)
Best 
 valPSNR [20.409705727743194, 29.078749465941684, 28.982021951466926, 29.099079285652753, 29.209878727195683]
valMax 29.209878727195683 pos 5
Imagen  7
First 
valPSNR [20.30001298891314, 32.668279954449915, 32.811035168633694, 32.72257652628349, 32.9255627400077]
valMax 32.9255627400077 pos 5
Parches valPSNR [20.30001298891314, 32.668279954449915, 32.811035168633694, 32.72257652628349, 32.9255627400077]
valMax 32.9255627400077 pos 5
valPSNR [20.557551428737476, 34.11663760488748, 33.62118771993113, 33.79195452647559, 33.897522820301006]
valMax 34.11663760488748 pos 2
Parche 
 valPSNR [20.273071688747475, 37.57554358058889, 38.05684469650602, 37.91702548781301, 38.09805097085131]
valMax 38.09805097085131 pos 5
shape 510 766 3
shape 510 766 3
shape 510 766 3
shape 510 766 3
shape 510 766 3
shape 510 766 3
[(442, 561), (168, 748), (253, 482)]
(442, 561) (458, 628)
(442, 561) (419, 627)
(442, 561) (430, 630)
(442, 561) (495, 606)
(442, 561) (444, 491)
(442, 561) (505, 591)
(442, 561) (512, 561)
(442, 561) (512, 561)
(442, 561) (372, 561)
(442, 561) (442, 491)
(442, 561) (442, 491)
(442, 561) (375, 538)
(442, 561) (392, 511)
(442, 561) (442, 561)
(442, 561) (392, 511)
(442, 561) (372, 561)
(442, 561) (392, 511)
(442, 561) (375, 583)
(168, 748) (101, 725)
(168, 748) (168, 748)
(168, 748) (118, 698)
(168, 748) (98, 748)
(168, 748) (98, 736)
(168, 748) (160, 678)
(168, 748) (168, 748)
(168, 748) (118, 698)
(168, 748) (118, 698)
(168, 748) (168, 748)
(168, 748) (118, 698)
(168, 748) (168, 678)
(168, 748) (217, 698)
(168, 748) (168, 678)
(168, 748) (168, 678)
(168, 748) (118, 698)
(168, 748) (101, 725)
(168, 748) (101, 725)
(253, 482) (302, 432)
(253, 482) (307, 438)
(253, 482) (315, 450)
(253, 482) (259, 412)
(253, 482) (311, 520)
(253, 482) (245, 412)
(253, 482) (311, 520)
(253, 482) (319, 504)
(253, 482) (320, 465)
(253, 482) (302, 432)
(253, 482) (320, 465)
(253, 482) (322, 472)
(253, 482) (323, 482)
(253, 482) (321, 466)
(253, 482) (321, 468)
(253, 482) (323, 482)
(253, 482) (323, 482)
(253, 482) (323, 482)
Best 
 valPSNR [20.30001298891314, 32.668279954449915, 32.811035168633694, 32.72257652628349, 32.9255627400077]
valMax 32.9255627400077 pos 5
Imagen  8
First 
valPSNR [20.44366832450043, 27.9924434171361, 27.99293271625366, 27.949552231234023, 28.02492601623882]
valMax 28.02492601623882 pos 5
Parches valPSNR [20.44366832450043, 27.9924434171361, 27.99293271625366, 27.949552231234023, 28.02492601623882]
valMax 28.02492601623882 pos 5
valPSNR [20.528142001466296, 26.76135384532966, 26.89106797809341, 26.918544474520786, 27.065502467226015]
valMax 27.065502467226015 pos 5
Parche 
 valPSNR [20.770559391209726, 31.157294266557333, 31.525272371197754, 31.344945103571913, 31.33375648375498]
valMax 31.525272371197754 pos 3
shape 510 766 3
shape 510 766 3
shape 510 766 3
shape 510 766 3
shape 510 766 3
shape 510 766 3
[(369, 279), (391, 431), (332, 655)]
(369, 279) (369, 279)
(369, 279) (369, 279)
(369, 279) (369, 279)
(369, 279) (319, 229)
(369, 279) (385, 211)
(369, 279) (299, 273)
(369, 279) (378, 348)
(369, 279) (407, 220)
(369, 279) (369, 349)
(369, 279) (337, 216)
(369, 279) (369, 349)
(369, 279) (407, 337)
(369, 279) (400, 341)
(369, 279) (400, 341)
(369, 279) (407, 337)
(369, 279) (438, 290)
(369, 279) (439, 279)
(369, 279) (379, 348)
(391, 431) (460, 423)
(391, 431) (459, 417)
(391, 431) (459, 418)
(391, 431) (324, 453)
(391, 431) (437, 483)
(391, 431) (448, 471)
(391, 431) (458, 411)
(391, 431) (461, 431)
(391, 431) (455, 405)
(391, 431) (321, 431)
(391, 431) (440, 480)
(391, 431) (459, 416)
(391, 431) (391, 361)
(391, 431) (459, 417)
(391, 431) (459, 416)
(391, 431) (413, 364)
(391, 431) (460, 442)
(391, 431) (460, 421)
(332, 655) (400, 668)
(332, 655) (398, 677)
(332, 655) (381, 704)
(332, 655) (380, 705)
(332, 655) (332, 655)
(332, 655) (311, 588)
(332, 655) (381, 605)
(332, 655) (332, 585)
(332, 655) (394, 623)
(332, 655) (332, 655)
(332, 655) (381, 704)
(332, 655) (381, 605)
(332, 655) (332, 655)
(332, 655) (332, 585)
(332, 655) (402, 655)
(332, 655) (381, 605)
(332, 655) (381, 605)
(332, 655) (381, 605)
Best 
 valPSNR [20.44366832450043, 27.9924434171361, 27.99293271625366, 27.949552231234023, 28.02492601623882]
valMax 28.02492601623882 pos 5
Imagen  9
First 
valPSNR [20.204157807362805, 32.82572804430384, 32.79867430417865, 32.805731896161106, 32.98415665185321]
valMax 32.98415665185321 pos 5
Parches valPSNR [20.204157807362805, 32.82572804430384, 32.79867430417865, 32.805731896161106, 32.98415665185321]
valMax 32.98415665185321 pos 5
valPSNR [20.2947297106884, 38.18068805936784, 38.27623354189629, 38.11043871870615, 38.4297395787536]
valMax 38.4297395787536 pos 5
Parche 
 valPSNR [20.570595908578508, 32.00296504148175, 32.22301055673225, 32.436463596556955, 32.43744228635538]
valMax 32.43744228635538 pos 5
shape 766 510 3
shape 766 510 3
shape 766 510 3
shape 766 510 3
shape 766 510 3
shape 766 510 3
[(345, 148), (221, 289), (109, 483)]
(345, 148) (306, 206)
(345, 148) (345, 218)
(345, 148) (345, 218)
(345, 148) (383, 206)
(345, 148) (375, 211)
(345, 148) (408, 176)
(345, 148) (275, 148)
(345, 148) (345, 78)
(345, 148) (394, 98)
(345, 148) (282, 116)
(345, 148) (275, 148)
(345, 148) (407, 179)
(345, 148) (345, 148)
(345, 148) (345, 78)
(345, 148) (345, 78)
(345, 148) (295, 98)
(345, 148) (295, 98)
(345, 148) (345, 78)
(221, 289) (243, 222)
(221, 289) (246, 224)
(221, 289) (259, 230)
(221, 289) (164, 247)
(221, 289) (177, 233)
(221, 289) (217, 219)
(221, 289) (171, 239)
(221, 289) (189, 226)
(221, 289) (243, 222)
(221, 289) (291, 289)
(221, 289) (283, 257)
(221, 289) (221, 219)
(221, 289) (221, 219)
(221, 289) (221, 219)
(221, 289) (195, 224)
(221, 289) (151, 289)
(221, 289) (270, 239)
(221, 289) (221, 219)
(109, 483) (147, 424)
(109, 483) (158, 433)
(109, 483) (140, 420)
(109, 483) (55, 438)
(109, 483) (54, 526)
(109, 483) (176, 500)
(109, 483) (109, 483)
(109, 483) (109, 483)
(109, 483) (179, 483)
(109, 483) (109, 483)
(109, 483) (179, 483)
(109, 483) (109, 483)
(109, 483) (109, 553)
(109, 483) (158, 532)
(109, 483) (171, 514)
(109, 483) (109, 483)
(109, 483) (109, 483)
(109, 483) (158, 532)
Best 
 valPSNR [20.204157807362805, 32.82572804430384, 32.79867430417865, 32.805731896161106, 32.98415665185321]
valMax 32.98415665185321 pos 5
Imagen  10
First 
valPSNR [20.236935542055047, 32.48481358347918, 32.63513958717488, 32.64198276507749, 32.74971650293993]
valMax 32.74971650293993 pos 5
Parches valPSNR [20.236935542055047, 32.48481358347918, 32.63513958717488, 32.64198276507749, 32.74971650293993]
valMax 32.74971650293993 pos 5
valPSNR [20.38292101463027, 35.396155452748395, 35.55642830959348, 35.53905536633947, 35.6175135344867]
valMax 35.6175135344867 pos 5
Parche 
 valPSNR [20.35907304043198, 32.547321291953125, 32.66022977694777, 32.67826282405566, 32.79965875515692]
valMax 32.79965875515692 pos 5
shape 766 510 3
shape 766 510 3
shape 766 510 3
shape 766 510 3
shape 766 510 3
shape 766 510 3
[(361, 211), (3, 379), (643, 292)]
(361, 211) (361, 141)
(361, 211) (319, 155)
(361, 211) (319, 155)
(361, 211) (359, 141)
(361, 211) (409, 160)
(361, 211) (346, 142)
(361, 211) (410, 260)
(361, 211) (419, 249)
(361, 211) (392, 273)
(361, 211) (311, 161)
(361, 211) (361, 281)
(361, 211) (361, 211)
(361, 211) (410, 161)
(361, 211) (361, 141)
(361, 211) (361, 141)
(361, 211) (361, 141)
(361, 211) (361, 141)
(361, 211) (431, 211)
(3, 379) (3, 449)
(3, 379) (3, 449)
(3, 379) (3, 449)
(3, 379) (-51, 333)
(3, 379) (-26, 442)
(3, 379) (19, 311)
(3, 379) (-23, 443)
(3, 379) (-60, 410)
(3, 379) (-29, 441)
(3, 379) (3, 449)
(3, 379) (3, 449)
(3, 379) (3, 449)
(3, 379) (-47, 428)
(3, 379) (-47, 428)
(3, 379) (-67, 379)
(3, 379) (-29, 441)
(3, 379) (3, 449)
(3, 379) (3, 449)
(643, 292) (623, 224)
(643, 292) (634, 222)
(643, 292) (629, 223)
(643, 292) (576, 315)
(643, 292) (657, 360)
(643, 292) (601, 235)
(643, 292) (643, 362)
(643, 292) (604, 233)
(643, 292) (593, 242)
(643, 292) (593, 242)
(643, 292) (573, 292)
(643, 292) (573, 292)
(643, 292) (593, 242)
(643, 292) (620, 225)
(643, 292) (611, 229)
(643, 292) (593, 242)
(643, 292) (713, 292)
(643, 292) (643, 292)
Best 
 valPSNR [20.236935542055047, 32.48481358347918, 32.63513958717488, 32.64198276507749, 32.74971650293993]
valMax 32.74971650293993 pos 5
Imagen  11
First 
valPSNR [20.438328435780008, 29.92207253938249, 29.935061037181573, 29.976084179268536, 30.080198203279586]
valMax 30.080198203279586 pos 5
Parches valPSNR [20.438328435780008, 29.92207253938249, 29.935061037181573, 29.976084179268536, 30.080198203279586]
valMax 30.080198203279586 pos 5
valPSNR [20.713713290340007, 27.373702108583412, 27.480657819831606, 27.488609284014046, 27.610243699622803]
valMax 27.610243699622803 pos 5
Parche 
 valPSNR [20.316489819356597, 30.799916202798208, 30.781289356678162, 30.894724351004715, 30.951639809169457]
valMax 30.951639809169457 pos 5
shape 510 766 3
shape 510 766 3
shape 510 766 3
shape 510 766 3
shape 510 766 3
shape 510 766 3
[(159, 172), (80, 81), (164, 295)]
(159, 172) (159, 242)
(159, 172) (159, 242)
(159, 172) (159, 242)
(159, 172) (159, 102)
(159, 172) (121, 112)
(159, 172) (219, 208)
(159, 172) (208, 221)
(159, 172) (208, 221)
(159, 172) (159, 242)
(159, 172) (159, 102)
(159, 172) (159, 102)
(159, 172) (159, 102)
(159, 172) (229, 172)
(159, 172) (229, 172)
(159, 172) (159, 172)
(159, 172) (159, 172)
(159, 172) (89, 172)
(159, 172) (109, 122)
(80, 81) (129, 130)
(80, 81) (80, 151)
(80, 81) (80, 151)
(80, 81) (74, 150)
(80, 81) (126, 133)
(80, 81) (75, 150)
(80, 81) (150, 81)
(80, 81) (129, 31)
(80, 81) (150, 81)
(80, 81) (10, 81)
(80, 81) (80, 11)
(80, 81) (80, 81)
(80, 81) (48, 18)
(80, 81) (142, 112)
(80, 81) (80, 151)
(80, 81) (80, 11)
(80, 81) (80, 11)
(80, 81) (80, 11)
(164, 295) (144, 227)
(164, 295) (143, 227)
(164, 295) (150, 226)
(164, 295) (224, 260)
(164, 295) (163, 225)
(164, 295) (165, 225)
(164, 295) (189, 230)
(164, 295) (173, 225)
(164, 295) (164, 225)
(164, 295) (114, 245)
(164, 295) (129, 234)
(164, 295) (94, 295)
(164, 295) (213, 245)
(164, 295) (226, 263)
(164, 295) (132, 232)
(164, 295) (175, 225)
(164, 295) (138, 230)
(164, 295) (114, 245)
Best 
 valPSNR [20.438328435780008, 29.92207253938249, 29.935061037181573, 29.976084179268536, 30.080198203279586]
valMax 30.080198203279586 pos 5
Imagen  12
First 
valPSNR [20.31790300397564, 32.40280734206284, 32.32907981515663, 32.41107291223269, 32.43695126882443]
valMax 32.43695126882443 pos 5
Parches valPSNR [20.31790300397564, 32.40280734206284, 32.32907981515663, 32.41107291223269, 32.43695126882443]
valMax 32.43695126882443 pos 5
valPSNR [20.56236430118732, 30.435562095456095, 30.53926702413235, 30.53637727045897, 30.59120806635199]
valMax 30.59120806635199 pos 5
Parche 
 valPSNR [20.390076467805734, 34.68411095664206, 34.699957565599895, 34.71414867061992, 34.773959520607654]
valMax 34.773959520607654 pos 5
shape 510 766 3
shape 510 766 3
shape 510 766 3
shape 510 766 3
shape 510 766 3
shape 510 766 3
[(204, 9), (125, 242), (447, 606)]
(204, 9) (204, 79)
(204, 9) (187, 76)
(204, 9) (223, 76)
(204, 9) (199, 78)
(204, 9) (252, 59)
(204, 9) (229, -57)
(204, 9) (235, 71)
(204, 9) (141, -23)
(204, 9) (266, 40)
(204, 9) (159, 62)
(204, 9) (154, -41)
(204, 9) (141, -23)
(204, 9) (172, 71)
(204, 9) (154, -41)
(204, 9) (204, 79)
(204, 9) (226, 75)
(204, 9) (226, 75)
(204, 9) (226, 75)
(125, 242) (181, 284)
(125, 242) (195, 242)
(125, 242) (195, 242)
(125, 242) (195, 242)
(125, 242) (184, 278)
(125, 242) (58, 264)
(125, 242) (75, 192)
(125, 242) (55, 242)
(125, 242) (75, 192)
(125, 242) (55, 242)
(125, 242) (55, 242)
(125, 242) (125, 312)
(125, 242) (57, 258)
(125, 242) (66, 280)
(125, 242) (58, 264)
(125, 242) (75, 291)
(125, 242) (75, 291)
(125, 242) (75, 291)
(447, 606) (517, 606)
(447, 606) (517, 606)
(447, 606) (517, 606)
(447, 606) (440, 675)
(447, 606) (394, 559)
(447, 606) (462, 674)
(447, 606) (415, 668)
(447, 606) (377, 606)
(447, 606) (397, 655)
(447, 606) (447, 676)
(447, 606) (447, 606)
(447, 606) (447, 606)
(447, 606) (447, 676)
(447, 606) (447, 606)
(447, 606) (447, 606)
(447, 606) (447, 676)
(447, 606) (496, 655)
(447, 606) (496, 655)
Best 
 valPSNR [20.31790300397564, 32.40280734206284, 32.32907981515663, 32.41107291223269, 32.43695126882443]
valMax 32.43695126882443 pos 5
Imagen  13
First 
valPSNR [20.39962856438379, 26.108558825286693, 26.1529853978151, 26.11203430902963, 26.33996044765623]
valMax 26.33996044765623 pos 5
Parches valPSNR [20.39962856438379, 26.108558825286693, 26.1529853978151, 26.11203430902963, 26.33996044765623]
valMax 26.33996044765623 pos 5
valPSNR [20.53967879055469, 27.381561891350138, 27.31812276738343, 27.30466043654129, 27.435912316846522]
valMax 27.435912316846522 pos 5
Parche 
 valPSNR [20.400714966303433, 26.181822093006076, 26.23455622266919, 26.196829625782243, 26.461793407732294]
valMax 26.461793407732294 pos 5
shape 510 766 3
shape 510 766 3
shape 510 766 3
shape 510 766 3
shape 510 766 3
shape 510 766 3
[(406, 129), (179, 523), (29, 103)]
(406, 129) (468, 97)
(406, 129) (462, 87)
(406, 129) (462, 87)
(406, 129) (351, 85)
(406, 129) (381, 63)
(406, 129) (463, 88)
(406, 129) (413, 59)
(406, 129) (428, 62)
(406, 129) (387, 61)
(406, 129) (464, 90)
(406, 129) (455, 79)
(406, 129) (449, 74)
(406, 129) (406, 59)
(406, 129) (374, 66)
(406, 129) (437, 66)
(406, 129) (406, 59)
(406, 129) (417, 59)
(406, 129) (406, 59)
(179, 523) (196, 455)
(179, 523) (197, 455)
(179, 523) (202, 457)
(179, 523) (247, 509)
(179, 523) (204, 457)
(179, 523) (248, 521)
(179, 523) (221, 467)
(179, 523) (210, 460)
(179, 523) (223, 469)
(179, 523) (245, 500)
(179, 523) (233, 479)
(179, 523) (246, 505)
(179, 523) (202, 457)
(179, 523) (204, 458)
(179, 523) (205, 458)
(179, 523) (199, 456)
(179, 523) (191, 454)
(179, 523) (195, 455)
(29, 103) (-37, 128)
(29, 103) (-34, 134)
(29, 103) (-34, 134)
(29, 103) (59, 166)
(29, 103) (25, 172)
(29, 103) (-20, 153)
(29, 103) (78, 152)
(29, 103) (87, 141)
(29, 103) (91, 134)
(29, 103) (60, 165)
(29, 103) (29, 173)
(29, 103) (99, 103)
(29, 103) (-21, 53)
(29, 103) (-34, 71)
(29, 103) (-3, 40)
(29, 103) (87, 64)
(29, 103) (29, 33)
(29, 103) (78, 53)
Best 
 valPSNR [20.39962856438379, 26.108558825286693, 26.1529853978151, 26.11203430902963, 26.33996044765623]
valMax 26.33996044765623 pos 5
Imagen  14
First 
valPSNR [20.43167240773635, 29.037533088370502, 29.112394071446968, 29.0884552923657, 29.261254717757094]
valMax 29.261254717757094 pos 5
Parches valPSNR [20.43167240773635, 29.037533088370502, 29.112394071446968, 29.0884552923657, 29.261254717757094]
valMax 29.261254717757094 pos 5
valPSNR [20.4228841138409, 28.78386503229921, 28.821680235215275, 28.86097029374026, 29.071488157149492]
valMax 29.071488157149492 pos 5
Parche 
 valPSNR [20.70002855229651, 29.077266830529997, 29.161374214171957, 29.0038538966165, 29.26858573674672]
valMax 29.26858573674672 pos 5
shape 510 766 3
shape 510 766 3
shape 510 766 3
shape 510 766 3
shape 510 766 3
shape 510 766 3
[(180, 222), (153, 587), (31, 372)]
(180, 222) (208, 285)
(180, 222) (211, 284)
(180, 222) (218, 280)
(180, 222) (115, 194)
(180, 222) (245, 247)
(180, 222) (247, 202)
(180, 222) (211, 284)
(180, 222) (211, 284)
(180, 222) (242, 253)
(180, 222) (229, 271)
(180, 222) (218, 280)
(180, 222) (222, 278)
(180, 222) (188, 291)
(180, 222) (192, 290)
(180, 222) (246, 199)
(180, 222) (250, 222)
(180, 222) (246, 244)
(180, 222) (240, 256)
(153, 587) (189, 526)
(153, 587) (189, 526)
(153, 587) (189, 526)
(153, 587) (85, 606)
(153, 587) (190, 528)
(153, 587) (209, 628)
(153, 587) (153, 517)
(153, 587) (153, 517)
(153, 587) (136, 519)
(153, 587) (97, 545)
(153, 587) (116, 526)
(153, 587) (111, 531)
(153, 587) (195, 531)
(153, 587) (143, 517)
(153, 587) (114, 528)
(153, 587) (153, 517)
(153, 587) (175, 520)
(153, 587) (136, 519)
(31, 372) (85, 416)
(31, 372) (91, 408)
(31, 372) (84, 416)
(31, 372) (-32, 340)
(31, 372) (96, 396)
(31, 372) (16, 440)
(31, 372) (50, 439)
(31, 372) (78, 423)
(31, 372) (57, 436)
(31, 372) (84, 417)
(31, 372) (70, 429)
(31, 372) (67, 432)
(31, 372) (93, 403)
(31, 372) (93, 403)
(31, 372) (93, 403)
(31, 372) (22, 441)
(31, 372) (59, 435)
(31, 372) (31, 442)
Best 
 valPSNR [20.43167240773635, 29.037533088370502, 29.112394071446968, 29.0884552923657, 29.261254717757094]
valMax 29.261254717757094 pos 5
Imagen  15
First 
valPSNR [20.831241693497347, 31.320042958708246, 31.27889733158948, 31.276408734222024, 31.33599111100859]
valMax 31.33599111100859 pos 5
Parches valPSNR [20.831241693497347, 31.320042958708246, 31.27889733158948, 31.276408734222024, 31.33599111100859]
valMax 31.33599111100859 pos 5
valPSNR [21.569534667249805, 31.37950406861089, 31.28643269528108, 31.432624925200813, 31.483065585957462]
valMax 31.483065585957462 pos 5
Parche 
 valPSNR [21.168717020652174, 30.186579600967953, 29.865389023886596, 29.92688866876671, 30.20622956297558]
valMax 30.20622956297558 pos 5
shape 510 766 3
shape 510 766 3
shape 510 766 3
shape 510 766 3
shape 510 766 3
shape 510 766 3
[(83, 174), (506, 193), (84, 332)]
(83, 174) (18, 201)
(83, 174) (17, 199)
(83, 174) (22, 210)
(83, 174) (21, 140)
(83, 174) (46, 233)
(83, 174) (73, 243)
(83, 174) (14, 161)
(83, 174) (13, 164)
(83, 174) (15, 157)
(83, 174) (13, 162)
(83, 174) (13, 169)
(83, 174) (13, 169)
(83, 174) (14, 157)
(83, 174) (13, 164)
(83, 174) (14, 161)
(83, 174) (15, 155)
(83, 174) (15, 157)
(83, 174) (16, 150)
(506, 193) (568, 224)
(506, 193) (568, 224)
(506, 193) (573, 209)
(506, 193) (439, 171)
(506, 193) (450, 150)
(506, 193) (500, 262)
(506, 193) (436, 193)
(506, 193) (443, 224)
(506, 193) (438, 173)
(506, 193) (436, 193)
(506, 193) (439, 215)
(506, 193) (461, 246)
(506, 193) (443, 161)
(506, 193) (439, 215)
(506, 193) (436, 202)
(506, 193) (447, 231)
(506, 193) (456, 242)
(506, 193) (436, 193)
(84, 332) (84, 262)
(84, 332) (84, 262)
(84, 332) (84, 262)
(84, 332) (40, 276)
(84, 332) (84, 332)
(84, 332) (143, 368)
(84, 332) (84, 402)
(84, 332) (84, 402)
(84, 332) (84, 402)
(84, 332) (84, 332)
(84, 332) (84, 332)
(84, 332) (84, 402)
(84, 332) (154, 332)
(84, 332) (84, 262)
(84, 332) (133, 381)
(84, 332) (84, 262)
(84, 332) (84, 332)
(84, 332) (84, 262)
Best 
 valPSNR [20.831241693497347, 31.320042958708246, 31.27889733158948, 31.276408734222024, 31.33599111100859]
valMax 31.33599111100859 pos 5
Imagen  16
First 
valPSNR [20.267712500530322, 31.32384021588613, 31.33165280594134, 31.30097759290876, 31.441902826302574]
valMax 31.441902826302574 pos 5
Parches valPSNR [20.267712500530322, 31.32384021588613, 31.33165280594134, 31.30097759290876, 31.441902826302574]
valMax 31.441902826302574 pos 5
valPSNR [20.323171034811093, 37.48320447115909, 37.9499618596741, 37.86649778838893, 38.03906549287181]
valMax 38.03906549287181 pos 5
Parche 
 valPSNR [20.44352309727352, 31.923993842975676, 31.832034907103527, 31.956727147804173, 31.848466738416956]
valMax 31.956727147804173 pos 4
shape 510 766 3
shape 510 766 3
shape 510 766 3
shape 510 766 3
shape 510 766 3
shape 510 766 3
[(73, 442), (4, 201), (384, 58)]
(73, 442) (23, 491)
(73, 442) (41, 379)
(73, 442) (23, 392)
(73, 442) (13, 479)
(73, 442) (47, 506)
(73, 442) (5, 422)
(73, 442) (41, 379)
(73, 442) (122, 392)
(73, 442) (73, 512)
(73, 442) (73, 442)
(73, 442) (73, 372)
(73, 442) (73, 372)
(73, 442) (23, 392)
(73, 442) (122, 392)
(73, 442) (122, 392)
(73, 442) (73, 442)
(73, 442) (122, 392)
(73, 442) (122, 392)
(4, 201) (74, 201)
(4, 201) (4, 201)
(4, 201) (4, 201)
(4, 201) (47, 146)
(4, 201) (17, 269)
(4, 201) (57, 246)
(4, 201) (53, 151)
(4, 201) (53, 250)
(4, 201) (4, 201)
(4, 201) (74, 201)
(4, 201) (4, 131)
(4, 201) (53, 250)
(4, 201) (4, 201)
(4, 201) (-46, 151)
(4, 201) (4, 271)
(4, 201) (-46, 151)
(4, 201) (4, 131)
(4, 201) (53, 250)
(384, 58) (394, 127)
(384, 58) (394, 127)
(384, 58) (394, 127)
(384, 58) (387, 127)
(384, 58) (364, 125)
(384, 58) (431, 109)
(384, 58) (425, 114)
(384, 58) (409, 122)
(384, 58) (417, 119)
(384, 58) (412, 121)
(384, 58) (414, 121)
(384, 58) (414, 121)
(384, 58) (424, 115)
(384, 58) (422, 116)
(384, 58) (419, 118)
(384, 58) (397, 126)
(384, 58) (405, 124)
(384, 58) (398, 126)
Best 
 valPSNR [20.267712500530322, 31.32384021588613, 31.33165280594134, 31.30097759290876, 31.441902826302574]
valMax 31.441902826302574 pos 5
Imagen  17
First 
valPSNR [20.629174683920517, 31.418087097312647, 31.578227282920565, 31.378290520204914, 31.724431013974428]
valMax 31.724431013974428 pos 5
Parches valPSNR [20.629174683920517, 31.418087097312647, 31.578227282920565, 31.378290520204914, 31.724431013974428]
valMax 31.724431013974428 pos 5
valPSNR [21.060599630464537, 25.960970192645615, 26.2277915752609, 25.97858320773819, 26.23472921264542]
valMax 26.23472921264542 pos 5
Parche 
 valPSNR [20.37462407179536, 29.820710983315145, 30.078458842691823, 29.60912603503489, 30.24344588594856]
valMax 30.24344588594856 pos 5
shape 766 510 3
shape 766 510 3
shape 766 510 3
shape 766 510 3
shape 766 510 3
shape 766 510 3
[(168, 299), (329, 339), (88, 62)]
(168, 299) (215, 248)
(168, 299) (217, 249)
(168, 299) (197, 235)
(168, 299) (156, 229)
(168, 299) (237, 309)
(168, 299) (112, 256)
(168, 299) (232, 271)
(168, 299) (236, 284)
(168, 299) (237, 288)
(168, 299) (234, 277)
(168, 299) (237, 294)
(168, 299) (237, 292)
(168, 299) (234, 276)
(168, 299) (237, 287)
(168, 299) (237, 295)
(168, 299) (217, 249)
(168, 299) (222, 255)
(168, 299) (226, 260)
(329, 339) (315, 407)
(329, 339) (262, 361)
(329, 339) (290, 397)
(329, 339) (361, 401)
(329, 339) (259, 345)
(329, 339) (329, 409)
(329, 339) (315, 407)
(329, 339) (259, 339)
(329, 339) (360, 401)
(329, 339) (345, 406)
(329, 339) (297, 401)
(329, 339) (340, 408)
(329, 339) (329, 409)
(329, 339) (262, 316)
(329, 339) (270, 377)
(329, 339) (323, 408)
(329, 339) (318, 408)
(329, 339) (329, 409)
(88, 62) (137, 111)
(88, 62) (142, 105)
(88, 62) (130, 118)
(88, 62) (62, 126)
(88, 62) (157, 66)
(88, 62) (19, 73)
(88, 62) (88, 62)
(88, 62) (137, 111)
(88, 62) (88, 62)
(88, 62) (88, 62)
(88, 62) (88, 62)
(88, 62) (88, -8)
(88, 62) (158, 62)
(88, 62) (88, 62)
(88, 62) (158, 62)
(88, 62) (88, 62)
(88, 62) (88, 62)
(88, 62) (88, 62)
Best 
 valPSNR [20.629174683920517, 31.418087097312647, 31.578227282920565, 31.378290520204914, 31.724431013974428]
valMax 31.724431013974428 pos 5
Imagen  18
First 
valPSNR [20.534510769482477, 28.50698854942243, 28.64740221455634, 28.540598244777907, 28.740669825006876]
valMax 28.740669825006876 pos 5
Parches valPSNR [20.534510769482477, 28.50698854942243, 28.64740221455634, 28.540598244777907, 28.740669825006876]
valMax 28.740669825006876 pos 5
valPSNR [20.55205126191874, 31.89203429950095, 32.04779871132017, 31.83708140148919, 32.15095756366286]
valMax 32.15095756366286 pos 5
Parche 
 valPSNR [20.592603340254094, 29.152765269465448, 29.141873019951557, 28.965693591182436, 29.291055799436645]
valMax 29.291055799436645 pos 5
shape 766 510 3
shape 766 510 3
shape 766 510 3
shape 766 510 3
shape 766 510 3
shape 766 510 3
[(66, 291), (704, 41), (479, 343)]
(66, 291) (34, 228)
(66, 291) (66, 221)
(66, 291) (66, 221)
(66, 291) (19, 343)
(66, 291) (129, 261)
(66, 291) (80, 222)
(66, 291) (66, 361)
(66, 291) (66, 291)
(66, 291) (16, 340)
(66, 291) (115, 241)
(66, 291) (66, 361)
(66, 291) (-4, 291)
(66, 291) (115, 241)
(66, 291) (66, 221)
(66, 291) (66, 361)
(66, 291) (-4, 291)
(66, 291) (3, 259)
(66, 291) (16, 340)
(704, 41) (635, 28)
(704, 41) (634, 31)
(704, 41) (634, 32)
(704, 41) (652, -7)
(704, 41) (681, 107)
(704, 41) (720, 108)
(704, 41) (654, 90)
(704, 41) (704, -29)
(704, 41) (704, 111)
(704, 41) (660, 95)
(704, 41) (770, 63)
(704, 41) (730, 105)
(704, 41) (712, 110)
(704, 41) (735, 103)
(704, 41) (740, 101)
(704, 41) (662, 97)
(704, 41) (672, 103)
(704, 41) (694, 110)
(479, 343) (479, 273)
(479, 343) (462, 275)
(479, 343) (462, 275)
(479, 343) (537, 381)
(479, 343) (533, 387)
(479, 343) (411, 360)
(479, 343) (549, 343)
(479, 343) (479, 343)
(479, 343) (528, 293)
(479, 343) (528, 293)
(479, 343) (479, 273)
(479, 343) (528, 392)
(479, 343) (549, 343)
(479, 343) (541, 311)
(479, 343) (528, 293)
(479, 343) (528, 293)
(479, 343) (549, 343)
(479, 343) (541, 374)
Best 
 valPSNR [20.534510769482477, 28.50698854942243, 28.64740221455634, 28.540598244777907, 28.740669825006876]
valMax 28.740669825006876 pos 5
Imagen  19
First 
valPSNR [20.321082956903282, 30.528697389709386, 30.458732580457916, 30.594464682563324, 30.540479955491367]
valMax 30.594464682563324 pos 4
Parches valPSNR [20.321082956903282, 30.528697389709386, 30.458732580457916, 30.594464682563324, 30.540479955491367]
valMax 30.594464682563324 pos 4
valPSNR [20.616689980167102, 31.32288314753, 31.384556423210206, 31.6434793006955, 31.654270831689352]
valMax 31.654270831689352 pos 5
Parche 
 valPSNR [20.638921652719247, 28.423693625186452, 28.422301807196018, 28.422728794830412, 28.634683289265226]
valMax 28.634683289265226 pos 5
shape 766 510 3
shape 766 510 3
shape 766 510 3
shape 766 510 3
shape 766 510 3
shape 766 510 3
[(255, 439), (418, 313), (97, 119)]
(255, 439) (185, 439)
(255, 439) (185, 439)
(255, 439) (185, 439)
(255, 439) (188, 461)
(255, 439) (185, 436)
(255, 439) (315, 403)
(255, 439) (205, 488)
(255, 439) (255, 509)
(255, 439) (255, 509)
(255, 439) (255, 509)
(255, 439) (205, 389)
(255, 439) (255, 509)
(255, 439) (255, 439)
(255, 439) (255, 509)
(255, 439) (255, 509)
(255, 439) (304, 488)
(255, 439) (255, 439)
(255, 439) (255, 509)
(418, 313) (409, 243)
(418, 313) (409, 243)
(418, 313) (402, 244)
(418, 313) (358, 275)
(418, 313) (386, 250)
(418, 313) (456, 371)
(418, 313) (348, 313)
(418, 313) (348, 313)
(418, 313) (368, 362)
(418, 313) (418, 243)
(418, 313) (467, 263)
(418, 313) (488, 313)
(418, 313) (449, 375)
(418, 313) (467, 362)
(418, 313) (467, 362)
(418, 313) (467, 362)
(418, 313) (449, 375)
(418, 313) (467, 362)
(97, 119) (167, 119)
(97, 119) (97, 119)
(97, 119) (97, 119)
(97, 119) (45, 166)
(97, 119) (157, 154)
(97, 119) (27, 123)
(97, 119) (27, 119)
(97, 119) (65, 56)
(97, 119) (97, 119)
(97, 119) (97, 189)
(97, 119) (146, 69)
(97, 119) (97, 119)
(97, 119) (97, 189)
(97, 119) (167, 119)
(97, 119) (146, 69)
(97, 119) (97, 119)
(97, 119) (97, 119)
(97, 119) (97, 49)
Best 
 valPSNR [20.321082956903282, 30.528697389709386, 30.458732580457916, 30.594464682563324, 30.540479955491367]
valMax 30.594464682563324 pos 4
Imagen  20
First 
valPSNR [21.40513104009177, 29.254069661469494, 29.23342899595142, 29.204806729381147, 29.335126256353476]
valMax 29.335126256353476 pos 5
Parches valPSNR [21.40513104009177, 29.254069661469494, 29.23342899595142, 29.204806729381147, 29.335126256353476]
valMax 29.335126256353476 pos 5
valPSNR [22.778312433975, 29.31240272796952, 29.36918030725149, 29.358479653086853, 29.366376046948794]
valMax 29.36918030725149 pos 3
Parche 
 valPSNR [21.07411523768862, 30.47320760137305, 30.278760585085692, 30.45053174570882, 30.650751562099806]
valMax 30.650751562099806 pos 5
shape 510 766 3
shape 510 766 3
shape 510 766 3
shape 510 766 3
shape 510 766 3
shape 510 766 3
[(201, 513), (413, 688), (32, 714)]
(201, 513) (169, 450)
(201, 513) (201, 513)
(201, 513) (201, 513)
(201, 513) (260, 549)
(201, 513) (271, 513)
(201, 513) (254, 468)
(201, 513) (151, 463)
(201, 513) (201, 513)
(201, 513) (201, 513)
(201, 513) (201, 513)
(201, 513) (201, 513)
(201, 513) (201, 513)
(201, 513) (201, 513)
(201, 513) (201, 513)
(201, 513) (201, 513)
(201, 513) (201, 513)
(201, 513) (201, 513)
(201, 513) (201, 513)
(413, 688) (406, 618)
(413, 688) (400, 619)
(413, 688) (419, 618)
(413, 688) (482, 684)
(413, 688) (424, 618)
(413, 688) (450, 629)
(413, 688) (483, 688)
(413, 688) (462, 638)
(413, 688) (477, 662)
(413, 688) (462, 638)
(413, 688) (462, 638)
(413, 688) (471, 649)
(413, 688) (462, 638)
(413, 688) (429, 620)
(413, 688) (444, 625)
(413, 688) (413, 618)
(413, 688) (426, 619)
(413, 688) (435, 621)
(32, 714) (32, 714)
(32, 714) (32, 714)
(32, 714) (32, 714)
(32, 714) (-21, 667)
(32, 714) (-32, 685)
(32, 714) (32, 784)
(32, 714) (32, 714)
(32, 714) (32, 714)
(32, 714) (32, 714)
(32, 714) (102, 714)
(32, 714) (32, 714)
(32, 714) (32, 714)
(32, 714) (32, 714)
(32, 714) (32, 714)
(32, 714) (32, 714)
(32, 714) (81, 763)
(32, 714) (32, 714)
(32, 714) (32, 714)
Best 
 valPSNR [21.40513104009177, 29.254069661469494, 29.23342899595142, 29.204806729381147, 29.335126256353476]
valMax 29.335126256353476 pos 5
Imagen  21
First 
valPSNR [20.26020675998174, 29.836147659055918, 29.83385406261471, 29.85061524292213, 29.98253191153834]
valMax 29.98253191153834 pos 5
Parches valPSNR [20.26020675998174, 29.836147659055918, 29.83385406261471, 29.85061524292213, 29.98253191153834]
valMax 29.98253191153834 pos 5
valPSNR [20.62513439243552, 30.523702060991468, 30.514125902508713, 30.384642336813762, 30.775597188323594]
valMax 30.775597188323594 pos 5
Parche 
 valPSNR [20.701201627978346, 27.686051686939095, 27.618211659837964, 27.679865745929998, 27.746777518708626]
valMax 27.746777518708626 pos 5
shape 510 766 3
shape 510 766 3
shape 510 766 3
shape 510 766 3
shape 510 766 3
shape 510 766 3
[(129, 223), (451, 342), (50, 550)]
(129, 223) (191, 254)
(129, 223) (151, 289)
(129, 223) (151, 289)
(129, 223) (181, 269)
(129, 223) (64, 249)
(129, 223) (94, 283)
(129, 223) (129, 153)
(129, 223) (97, 160)
(129, 223) (129, 153)
(129, 223) (129, 153)
(129, 223) (129, 153)
(129, 223) (178, 173)
(129, 223) (199, 223)
(129, 223) (129, 153)
(129, 223) (129, 223)
(129, 223) (129, 223)
(129, 223) (129, 153)
(129, 223) (129, 223)
(451, 342) (512, 308)
(451, 342) (512, 308)
(451, 342) (518, 323)
(451, 342) (449, 272)
(451, 342) (512, 375)
(451, 342) (518, 359)
(451, 342) (427, 276)
(451, 342) (437, 273)
(451, 342) (388, 373)
(451, 342) (425, 277)
(451, 342) (417, 280)
(451, 342) (431, 274)
(451, 342) (445, 272)
(451, 342) (409, 286)
(451, 342) (451, 272)
(451, 342) (425, 277)
(451, 342) (416, 281)
(451, 342) (401, 391)
(50, 550) (-20, 550)
(50, 550) (120, 550)
(50, 550) (50, 550)
(50, 550) (83, 611)
(50, 550) (79, 486)
(50, 550) (115, 575)
(50, 550) (50, 550)
(50, 550) (50, 550)
(50, 550) (50, 620)
(50, 550) (50, 550)
(50, 550) (50, 480)
(50, 550) (50, 480)
(50, 550) (50, 550)
(50, 550) (50, 550)
(50, 550) (-20, 550)
(50, 550) (50, 550)
(50, 550) (50, 550)
(50, 550) (50, 480)
Best 
 valPSNR [20.26020675998174, 29.836147659055918, 29.83385406261471, 29.85061524292213, 29.98253191153834]
valMax 29.98253191153834 pos 5
Imagen  22
First 
valPSNR [20.276825194921628, 29.89730674725387, 29.92764157695516, 29.953107861546954, 30.065765016497068]
valMax 30.065765016497068 pos 5
Parches valPSNR [20.276825194921628, 29.89730674725387, 29.92764157695516, 29.953107861546954, 30.065765016497068]
valMax 30.065765016497068 pos 5
valPSNR [20.924461881243943, 29.26767108743561, 29.27731141963563, 29.276836394434774, 29.30825161575396]
valMax 29.30825161575396 pos 5
Parche 
 valPSNR [20.422737429844705, 31.650629307047993, 31.714218832605304, 31.802003453148437, 31.9133035118694]
valMax 31.9133035118694 pos 5
shape 510 766 3
shape 510 766 3
shape 510 766 3
shape 510 766 3
shape 510 766 3
shape 510 766 3
[(267, 364), (300, 700), (32, 504)]
(267, 364) (223, 309)
(267, 364) (206, 328)
(267, 364) (220, 311)
(267, 364) (298, 301)
(267, 364) (257, 433)
(267, 364) (214, 317)
(267, 364) (336, 372)
(267, 364) (301, 424)
(267, 364) (333, 386)
(267, 364) (323, 406)
(267, 364) (300, 425)
(267, 364) (323, 406)
(267, 364) (325, 402)
(267, 364) (292, 428)
(267, 364) (316, 413)
(267, 364) (336, 369)
(267, 364) (327, 398)
(267, 364) (336, 371)
(300, 700) (352, 746)
(300, 700) (344, 754)
(300, 700) (347, 751)
(300, 700) (366, 722)
(300, 700) (369, 699)
(300, 700) (285, 631)
(300, 700) (230, 700)
(300, 700) (237, 668)
(300, 700) (230, 700)
(300, 700) (362, 668)
(300, 700) (349, 650)
(300, 700) (268, 637)
(300, 700) (230, 700)
(300, 700) (241, 661)
(300, 700) (370, 700)
(300, 700) (370, 700)
(300, 700) (268, 637)
(300, 700) (331, 637)
(32, 504) (94, 535)
(32, 504) (70, 562)
(32, 504) (54, 570)
(32, 504) (68, 564)
(32, 504) (-4, 564)
(32, 504) (98, 526)
(32, 504) (81, 553)
(32, 504) (63, 566)
(32, 504) (81, 553)
(32, 504) (81, 454)
(32, 504) (32, 504)
(32, 504) (32, 434)
(32, 504) (102, 504)
(32, 504) (32, 504)
(32, 504) (94, 535)
(32, 504) (-18, 454)
(32, 504) (-38, 504)
(32, 504) (-38, 504)
Best 
 valPSNR [20.276825194921628, 29.89730674725387, 29.92764157695516, 29.953107861546954, 30.065765016497068]
valMax 30.065765016497068 pos 5
Imagen  23
First 
valPSNR [20.382292727076003, 33.760111278863654, 33.81201960597387, 33.86426777448157, 33.99858288914593]
valMax 33.99858288914593 pos 5
Parches valPSNR [20.382292727076003, 33.760111278863654, 33.81201960597387, 33.86426777448157, 33.99858288914593]
valMax 33.99858288914593 pos 5
valPSNR [20.451979944357248, 37.668073934897926, 37.82608938827857, 37.824781473481295, 37.891265581670424]
valMax 37.891265581670424 pos 5
Parche 
 valPSNR [20.357472462799066, 35.947443860518675, 35.438270177310415, 36.02135249951982, 36.356275474288616]
valMax 36.356275474288616 pos 5
shape 510 766 3
shape 510 766 3
shape 510 766 3
shape 510 766 3
shape 510 766 3
shape 510 766 3
[(348, 530), (209, 575), (133, 297)]
(348, 530) (298, 480)
(348, 530) (298, 480)
(348, 530) (298, 480)
(348, 530) (409, 562)
(348, 530) (413, 505)
(348, 530) (388, 586)
(348, 530) (348, 530)
(348, 530) (348, 530)
(348, 530) (410, 561)
(348, 530) (348, 460)
(348, 530) (348, 530)
(348, 530) (348, 460)
(348, 530) (348, 530)
(348, 530) (348, 530)
(348, 530) (348, 600)
(348, 530) (418, 530)
(348, 530) (348, 460)
(348, 530) (418, 530)
(209, 575) (209, 505)
(209, 575) (209, 505)
(209, 575) (209, 505)
(209, 575) (139, 567)
(209, 575) (232, 509)
(209, 575) (270, 608)
(209, 575) (231, 508)
(209, 575) (183, 510)
(209, 575) (195, 506)
(209, 575) (177, 512)
(209, 575) (186, 508)
(209, 575) (195, 506)
(209, 575) (186, 508)
(209, 575) (209, 505)
(209, 575) (186, 508)
(209, 575) (209, 505)
(209, 575) (192, 507)
(209, 575) (209, 505)
(133, 297) (64, 310)
(133, 297) (64, 283)
(133, 297) (72, 260)
(133, 297) (197, 323)
(133, 297) (63, 304)
(133, 297) (66, 274)
(133, 297) (123, 366)
(133, 297) (133, 367)
(133, 297) (94, 355)
(133, 297) (133, 367)
(133, 297) (164, 359)
(133, 297) (149, 364)
(133, 297) (133, 367)
(133, 297) (164, 359)
(133, 297) (177, 350)
(133, 297) (146, 365)
(133, 297) (155, 363)
(133, 297) (149, 364)
Best 
 valPSNR [20.382292727076003, 33.760111278863654, 33.81201960597387, 33.86426777448157, 33.99858288914593]
valMax 33.99858288914593 pos 5
Imagen  24
First 
valPSNR [20.372133379581697, 28.504087551025044, 28.62152319092688, 28.551450501731072, 28.762013269535615]
valMax 28.762013269535615 pos 5
Parches valPSNR [20.372133379581697, 28.504087551025044, 28.62152319092688, 28.551450501731072, 28.762013269535615]
valMax 28.762013269535615 pos 5
valPSNR [20.410474468659462, 30.67418550014778, 30.787194860145426, 30.666406031576223, 30.964528478940963]
valMax 30.964528478940963 pos 5
Parche 
 valPSNR [20.435454414626673, 29.24350905590629, 29.25329129774271, 29.315807092458602, 29.569152782768438]
valMax 29.569152782768438 pos 5
shape 510 766 3
shape 510 766 3
shape 510 766 3
shape 510 766 3
shape 510 766 3
shape 510 766 3
[(295, 549), (24, 62), (380, 469)]
(295, 549) (279, 617)
(295, 549) (280, 617)
(295, 549) (274, 616)
(295, 549) (297, 618)
(295, 549) (289, 618)
(295, 549) (225, 540)
(295, 549) (295, 619)
(295, 549) (295, 619)
(295, 549) (301, 618)
(295, 549) (304, 618)
(295, 549) (281, 617)
(295, 549) (288, 618)
(295, 549) (295, 619)
(295, 549) (295, 619)
(295, 549) (295, 619)
(295, 549) (323, 612)
(295, 549) (318, 614)
(295, 549) (313, 616)
(24, 62) (24, 62)
(24, 62) (24, 62)
(24, 62) (24, 62)
(24, 62) (94, 62)
(24, 62) (-26, 12)
(24, 62) (10, -7)
(24, 62) (24, -8)
(24, 62) (24, -8)
(24, 62) (24, 62)
(24, 62) (24, 62)
(24, 62) (24, -8)
(24, 62) (24, 62)
(24, 62) (-8, -1)
(24, 62) (24, -8)
(24, 62) (24, -8)
(24, 62) (86, 93)
(24, 62) (94, 62)
(24, 62) (73, 111)
(380, 469) (317, 500)
(380, 469) (320, 505)
(380, 469) (330, 518)
(380, 469) (313, 446)
(380, 469) (363, 536)
(380, 469) (386, 399)
(380, 469) (422, 525)
(380, 469) (405, 533)
(380, 469) (450, 469)
(380, 469) (420, 525)
(380, 469) (399, 536)
(380, 469) (363, 536)
(380, 469) (380, 539)
(380, 469) (416, 529)
(380, 469) (418, 527)
(380, 469) (418, 527)
(380, 469) (429, 518)
(380, 469) (447, 485)
Best 
 valPSNR [20.372133379581697, 28.504087551025044, 28.62152319092688, 28.551450501731072, 28.762013269535615]
valMax 28.762013269535615 pos 5
kodim1  &  0.1616  &  1.3584  &  0.4599  &  0.4776  &  0.4495  &  0.3886  \\
kodim2  &  0.4171  &  1.5114  &  0.7198  &  0.6942  &  0.7044  &  0.5548  \\
kodim3  &  0.2476  &  1.5166  &  0.6403  &  0.5682  &  0.5484  &  0.3794  \\
kodim4  &  0.3105  &  1.5107  &  0.6153  &  0.6267  &  0.5883  &  0.4329  \\
kodim5  &  0.2544  &  1.3654  &  0.5014  &  0.5121  &  0.5114  &  0.4544  \\
kodim6  &  0.1775  &  1.3980  &  0.4542  &  0.4564  &  0.4163  &  0.3115  \\
kodim7  &  0.2706  &  1.4983  &  0.5620  &  0.4779  &  0.4986  &  0.3706  \\
kodim8  &  0.1958  &  1.2952  &  0.4424  &  0.4613  &  0.4528  &  0.4106  \\
kodim9  &  0.2854  &  1.5078  &  0.5887  &  0.5086  &  0.4765  &  0.3354  \\
kodim10  &  0.2862  &  1.5099  &  0.6585  &  0.5703  &  0.5784  &  0.3752  \\
kodim11  &  0.2180  &  1.4529  &  0.5591  &  0.5588  &  0.5111  &  0.4277  \\
kodim12  &  0.2283  &  1.5048  &  0.5746  &  0.5449  &  0.5752  &  0.4066  \\
kodim13  &  0.1553  &  1.2898  &  0.4526  &  0.4825  &  0.4593  &  0.4139  \\
kodim14  &  0.2531  &  1.4461  &  0.5581  &  0.5629  &  0.5361  &  0.4629  \\
kodim15  &  0.2631  &  1.4676  &  0.5909  &  0.4874  &  0.5032  &  0.3805  \\
kodim16  &  0.2126  &  1.4890  &  0.5572  &  0.5230  &  0.5445  &  0.3787  \\
kodim17  &  0.2484  &  1.4828  &  0.4873  &  0.4590  &  0.5045  &  0.2914  \\
kodim18  &  0.2915  &  1.4248  &  0.5472  &  0.5844  &  0.5634  &  0.4614  \\
kodim19  &  0.2698  &  1.4421  &  0.4907  &  0.5303  &  0.5107  &  0.3477  \\
kodim20  &  0.1421  &  1.3495  &  0.3823  &  0.3121  &  0.3167  &  0.2300  \\
kodim21  &  0.2816  &  1.4438  &  0.5638  &  0.4601  &  0.4559  &  0.3381  \\
kodim22  &  0.3326  &  1.4812  &  0.6112  &  0.6235  &  0.5878  &  0.5064  \\
kodim23  &  0.3871  &  1.5245  &  0.7039  &  0.6471  &  0.6015  &  0.4581  \\
kodim24  &  0.2210  &  1.4079  &  0.5710  &  0.5972  &  0.6042  &  0.5175  \\
kodim25  &  0.2546  &  1.4449  &  0.5538  &  0.5303  &  0.5208  &  0.4014  \\
