Imagen  1
First valPSNR [21.24475347607624, 27.369097024744416, 27.891622830285346, 27.985136063938135, 27.976672076435527]
valMax 27.985136063938135 pos 4
[21.24475347607624, 27.369097024744416, 27.891622830285346, 27.985136063938135, 27.976672076435527]
27.985136063938135
4
[23.67599649644946, 30.6429140621972, 31.555626548278436, 31.781964516864186, 31.80923626942031]
31.80923626942031
5
[22.71382049257891, 29.35069958333052, 29.620897549022782, 29.838499363014446, 29.82927478676885]
29.838499363014446
4
shape 20 32 3
shape 254 382 3
shape 254 382 3
shape 254 382 3
shape 254 382 3
shape 254 382 3
shape 254 382 3
[(225, 112), (238, 117), (180, 359)]
(225, 112) (251, 154)
(225, 112) (260, 147)
(225, 112) (257, 150)
(225, 112) (209, 159)
(225, 112) (183, 84)
(225, 112) (197, 70)
(225, 112) (261, 145)
(225, 112) (264, 142)
(225, 112) (269, 134)
(225, 112) (216, 161)
(225, 112) (243, 158)
(225, 112) (212, 160)
(225, 112) (253, 152)
(225, 112) (257, 150)
(225, 112) (250, 155)
(225, 112) (233, 161)
(225, 112) (238, 160)
(225, 112) (239, 159)
(238, 117) (238, 67)
(238, 117) (245, 67)
(238, 117) (246, 67)
(238, 117) (260, 161)
(238, 117) (247, 166)
(238, 117) (188, 117)
(238, 117) (255, 70)
(238, 117) (255, 70)
(238, 117) (222, 164)
(238, 117) (215, 161)
(238, 117) (253, 164)
(238, 117) (193, 139)
(238, 117) (273, 152)
(238, 117) (273, 152)
(238, 117) (273, 152)
(238, 117) (225, 165)
(238, 117) (225, 165)
(238, 117) (238, 167)
(180, 359) (226, 376)
(180, 359) (227, 373)
(180, 359) (227, 375)
(180, 359) (195, 311)
(180, 359) (188, 309)
(180, 359) (174, 309)
(180, 359) (221, 387)
(180, 359) (222, 385)
(180, 359) (222, 385)
(180, 359) (225, 379)
(180, 359) (229, 364)
(180, 359) (228, 370)
(180, 359) (227, 374)
(180, 359) (227, 374)
(180, 359) (229, 367)
(180, 359) (226, 341)
(180, 359) (224, 336)
(180, 359) (221, 331)
[21.24475347607624, 27.369097024744416, 27.891622830285346, 27.985136063938135, 27.976672076435527]
27.985136063938135
4
Imagen  2
First valPSNR [26.88714259610885, 31.43751857134052, 32.22175355187838, 32.31639816859571, 32.290215729997534]
valMax 32.31639816859571 pos 4
[26.88714259610885, 31.43751857134052, 32.22175355187838, 32.31639816859571, 32.290215729997534]
32.31639816859571
4
[25.665703699442215, 31.11697871259851, 31.672939414235685, 31.825835979775512, 31.839861670915877]
31.839861670915877
5
[30.534354297509157, 33.10260956559588, 34.14465361049714, 34.39824740505682, 34.22609335412156]
34.39824740505682
4
shape 20 32 3
shape 254 382 3
shape 254 382 3
shape 254 382 3
shape 254 382 3
shape 254 382 3
shape 254 382 3
[(26, 325), (134, 97), (230, 123)]
(26, 325) (-12, 358)
(26, 325) (-14, 356)
(26, 325) (-10, 360)
(26, 325) (-10, 289)
(26, 325) (48, 369)
(26, 325) (-24, 325)
(26, 325) (-24, 325)
(26, 325) (-24, 334)
(26, 325) (26, 375)
(26, 325) (26, 375)
(26, 325) (-4, 365)
(26, 325) (-10, 360)
(26, 325) (3, 369)
(26, 325) (3, 369)
(26, 325) (-10, 360)
(26, 325) (-19, 347)
(26, 325) (-2, 366)
(26, 325) (-23, 337)
(134, 97) (94, 127)
(134, 97) (89, 119)
(134, 97) (89, 74)
(134, 97) (156, 141)
(134, 97) (178, 119)
(134, 97) (184, 97)
(134, 97) (162, 137)
(134, 97) (169, 132)
(134, 97) (183, 88)
(134, 97) (137, 146)
(134, 97) (149, 144)
(134, 97) (121, 145)
(134, 97) (158, 140)
(134, 97) (149, 144)
(134, 97) (86, 112)
(134, 97) (134, 147)
(134, 97) (146, 145)
(134, 97) (98, 132)
(230, 123) (245, 170)
(230, 123) (230, 173)
(230, 123) (181, 135)
(230, 123) (182, 138)
(230, 123) (280, 123)
(230, 123) (185, 145)
(230, 123) (280, 123)
(230, 123) (230, 73)
(230, 123) (230, 73)
(230, 123) (230, 73)
(230, 123) (207, 78)
(230, 123) (194, 87)
(230, 123) (230, 73)
(230, 123) (265, 87)
(230, 123) (280, 123)
(230, 123) (230, 123)
(230, 123) (230, 73)
(230, 123) (280, 123)
[26.88714259610885, 31.43751857134052, 32.22175355187838, 32.31639816859571, 32.290215729997534]
32.31639816859571
4
Imagen  3
First valPSNR [26.850805365818495, 32.17150073989405, 32.88347158531991, 32.93575628229657, 32.885162468447014]
valMax 32.93575628229657 pos 4
[26.850805365818495, 32.17150073989405, 32.88347158531991, 32.93575628229657, 32.885162468447014]
32.93575628229657
4
[20.661888840080927, 28.02932764844835, 29.036978812122097, 29.25730884423709, 29.087342091855927]
29.25730884423709
4
[26.621267434874913, 33.14817972168957, 33.95664702441235, 33.923789907133944, 33.79226275389369]
33.95664702441235
3
shape 20 32 3
shape 254 382 3
shape 254 382 3
shape 254 382 3
shape 254 382 3
shape 254 382 3
shape 254 382 3
[(1, 18), (42, 275), (155, 213)]
(1, 18) (1, 68)
(1, 18) (1, 68)
(1, 18) (1, 68)
(1, 18) (-12, -31)
(1, 18) (-8, -32)
(1, 18) (49, 5)
(1, 18) (16, 65)
(1, 18) (27, 60)
(1, 18) (12, 66)
(1, 18) (13, 66)
(1, 18) (14, 66)
(1, 18) (7, 67)
(1, 18) (1, 68)
(1, 18) (1, 68)
(1, 18) (-4, 67)
(1, 18) (13, 66)
(1, 18) (14, 66)
(1, 18) (1, 68)
(42, 275) (-8, 275)
(42, 275) (6, 239)
(42, 275) (6, 310)
(42, 275) (-8, 275)
(42, 275) (42, 325)
(42, 275) (-8, 275)
(42, 275) (-6, 259)
(42, 275) (-3, 252)
(42, 275) (77, 310)
(42, 275) (19, 230)
(42, 275) (-8, 275)
(42, 275) (0, 247)
(42, 275) (19, 230)
(42, 275) (6, 239)
(42, 275) (19, 230)
(42, 275) (42, 225)
(42, 275) (6, 239)
(42, 275) (6, 239)
(155, 213) (119, 177)
(155, 213) (119, 177)
(155, 213) (119, 177)
(155, 213) (105, 204)
(155, 213) (129, 255)
(155, 213) (119, 177)
(155, 213) (119, 248)
(155, 213) (155, 263)
(155, 213) (203, 225)
(155, 213) (127, 254)
(155, 213) (110, 235)
(155, 213) (155, 263)
(155, 213) (110, 235)
(155, 213) (139, 260)
(155, 213) (155, 263)
(155, 213) (155, 263)
(155, 213) (119, 248)
(155, 213) (113, 240)
[26.850805365818495, 32.17150073989405, 32.88347158531991, 32.93575628229657, 32.885162468447014]
32.93575628229657
4
Imagen  4
First valPSNR [25.544460964652053, 30.272879097225108, 30.834365238484832, 30.832149697547116, 30.85985692873582]
valMax 30.85985692873582 pos 5
[25.544460964652053, 30.272879097225108, 30.834365238484832, 30.832149697547116, 30.85985692873582]
30.85985692873582
5
[25.064699607470132, 27.857198498009875, 28.304987749619546, 28.444018394598906, 28.273573798015583]
28.444018394598906
4
[32.721054467396364, 34.33980096543219, 35.052292811994775, 35.10160085849131, 34.932421153985345]
35.10160085849131
4
shape 20 32 3
shape 382 254 3
shape 382 254 3
shape 382 254 3
shape 382 254 3
shape 382 254 3
shape 382 254 3
[(90, 219), (191, 130), (216, 236)]
(90, 219) (114, 262)
(90, 219) (130, 249)
(90, 219) (114, 262)
(90, 219) (54, 254)
(90, 219) (74, 266)
(90, 219) (90, 269)
(90, 219) (112, 263)
(90, 219) (134, 241)
(90, 219) (72, 265)
(90, 219) (108, 265)
(90, 219) (137, 203)
(90, 219) (64, 261)
(90, 219) (125, 254)
(90, 219) (134, 196)
(90, 219) (90, 269)
(90, 219) (90, 269)
(90, 219) (90, 269)
(90, 219) (45, 241)
(191, 130) (191, 180)
(191, 130) (200, 179)
(191, 130) (191, 180)
(191, 130) (232, 157)
(191, 130) (226, 165)
(191, 130) (235, 152)
(191, 130) (203, 81)
(191, 130) (172, 83)
(191, 130) (206, 82)
(191, 130) (203, 81)
(191, 130) (218, 88)
(191, 130) (206, 82)
(191, 130) (226, 94)
(191, 130) (218, 88)
(191, 130) (206, 82)
(191, 130) (203, 81)
(191, 130) (209, 83)
(191, 130) (203, 81)
(216, 236) (260, 258)
(216, 236) (263, 251)
(216, 236) (257, 263)
(216, 236) (168, 220)
(216, 236) (193, 191)
(216, 236) (180, 200)
(216, 236) (258, 262)
(216, 236) (258, 262)
(216, 236) (259, 261)
(216, 236) (251, 271)
(216, 236) (264, 248)
(216, 236) (260, 258)
(216, 236) (257, 263)
(216, 236) (251, 271)
(216, 236) (264, 248)
(216, 236) (248, 273)
(216, 236) (251, 271)
(216, 236) (258, 261)
[25.544460964652053, 30.272879097225108, 30.834365238484832, 30.832149697547116, 30.85985692873582]
30.85985692873582
5
Imagen  5
First valPSNR [19.30576548225699, 24.12249181150616, 24.652184419396697, 24.526787504566038, 24.679452010721185]
valMax 24.679452010721185 pos 5
[19.30576548225699, 24.12249181150616, 24.652184419396697, 24.526787504566038, 24.679452010721185]
24.679452010721185
5
[17.895207373014287, 23.236740287167375, 23.783215201529394, 23.686632724515277, 23.73300301857309]
23.783215201529394
3
[21.24466770173224, 25.90782457796105, 26.351153855724327, 26.480924652522354, 26.48834711818627]
26.48834711818627
5
shape 20 32 3
shape 254 382 3
shape 254 382 3
shape 254 382 3
shape 254 382 3
shape 254 382 3
shape 254 382 3
[(168, 215), (27, 259), (162, 300)]
(168, 215) (216, 228)
(168, 215) (216, 226)
(168, 215) (215, 229)
(168, 215) (126, 187)
(168, 215) (218, 215)
(168, 215) (180, 166)
(168, 215) (217, 205)
(168, 215) (212, 192)
(168, 215) (217, 206)
(168, 215) (149, 168)
(168, 215) (125, 189)
(168, 215) (168, 165)
(168, 215) (119, 202)
(168, 215) (118, 209)
(168, 215) (118, 207)
(168, 215) (128, 185)
(168, 215) (132, 179)
(168, 215) (126, 187)
(27, 259) (-4, 298)
(27, 259) (-7, 296)
(27, 259) (-10, 293)
(27, 259) (-22, 272)
(27, 259) (-23, 259)
(27, 259) (-16, 284)
(27, 259) (11, 306)
(27, 259) (-5, 297)
(27, 259) (-2, 299)
(27, 259) (-6, 297)
(27, 259) (-12, 290)
(27, 259) (-17, 282)
(27, 259) (11, 306)
(27, 259) (-11, 291)
(27, 259) (3, 302)
(27, 259) (3, 303)
(27, 259) (-4, 298)
(27, 259) (14, 307)
(162, 300) (143, 346)
(162, 300) (140, 345)
(162, 300) (144, 346)
(162, 300) (206, 277)
(162, 300) (126, 335)
(162, 300) (184, 255)
(162, 300) (208, 319)
(162, 300) (206, 323)
(162, 300) (203, 328)
(162, 300) (149, 348)
(162, 300) (162, 350)
(162, 300) (162, 350)
(162, 300) (177, 347)
(162, 300) (171, 349)
(162, 300) (189, 341)
(162, 300) (115, 318)
(162, 300) (146, 347)
(162, 300) (162, 350)
[19.30576548225699, 24.12249181150616, 24.652184419396697, 24.526787504566038, 24.679452010721185]
24.679452010721185
5
Imagen  6
First valPSNR [23.098145120764777, 27.533593019554495, 28.252237176986977, 28.340620033423054, 28.267484502673877]
valMax 28.340620033423054 pos 4
[23.098145120764777, 27.533593019554495, 28.252237176986977, 28.340620033423054, 28.267484502673877]
28.340620033423054
4
[20.351401158285178, 27.60075570020816, 28.280900117063883, 28.413155718044596, 28.342417916673938]
28.413155718044596
4
[19.538067954677132, 22.91311765763574, 23.56072526550591, 23.53084855640978, 23.433605355692187]
23.56072526550591
3
shape 20 32 3
shape 254 382 3
shape 254 382 3
shape 254 382 3
shape 254 382 3
shape 254 382 3
shape 254 382 3
[(167, 120), (107, 273), (245, 226)]
(167, 120) (161, 70)
(167, 120) (160, 70)
(167, 120) (158, 70)
(167, 120) (179, 71)
(167, 120) (142, 76)
(167, 120) (144, 75)
(167, 120) (170, 70)
(167, 120) (170, 70)
(167, 120) (165, 70)
(167, 120) (164, 70)
(167, 120) (162, 70)
(167, 120) (156, 71)
(167, 120) (165, 70)
(167, 120) (162, 70)
(167, 120) (163, 70)
(167, 120) (163, 70)
(167, 120) (164, 70)
(167, 120) (160, 70)
(107, 273) (119, 321)
(107, 273) (115, 322)
(107, 273) (118, 321)
(107, 273) (84, 228)
(107, 273) (107, 223)
(107, 273) (84, 228)
(107, 273) (97, 322)
(107, 273) (71, 308)
(107, 273) (84, 317)
(107, 273) (111, 322)
(107, 273) (108, 322)
(107, 273) (110, 322)
(107, 273) (117, 321)
(107, 273) (119, 321)
(107, 273) (115, 322)
(107, 273) (116, 322)
(107, 273) (114, 322)
(107, 273) (120, 321)
(245, 226) (226, 179)
(245, 226) (232, 177)
(245, 226) (224, 180)
(245, 226) (245, 276)
(245, 226) (260, 178)
(245, 226) (245, 176)
(245, 226) (280, 190)
(245, 226) (257, 177)
(245, 226) (267, 181)
(245, 226) (287, 200)
(245, 226) (276, 186)
(245, 226) (267, 181)
(245, 226) (263, 179)
(245, 226) (275, 186)
(245, 226) (245, 176)
(245, 226) (258, 177)
(245, 226) (264, 180)
(245, 226) (253, 176)
[23.098145120764777, 27.533593019554495, 28.252237176986977, 28.340620033423054, 28.267484502673877]
28.340620033423054
4
Imagen  7
First valPSNR [22.87093687732526, 29.595630018668952, 29.655389291704868, 29.683328836966368, 29.94117697368976]
valMax 29.94117697368976 pos 5
[22.87093687732526, 29.595630018668952, 29.655389291704868, 29.683328836966368, 29.94117697368976]
29.94117697368976
5
[24.012334222407112, 32.237212212575066, 29.067847003543953, 29.194278626845307, 30.30963656357683]
32.237212212575066
2
[29.258923016357258, 36.87492344934463, 38.656199636445244, 38.64967109156956, 38.71563081263442]
38.71563081263442
5
shape 20 32 3
shape 254 382 3
shape 254 382 3
shape 254 382 3
shape 254 382 3
shape 254 382 3
shape 254 382 3
[(141, 231), (67, 136), (61, 233)]
(141, 231) (117, 274)
(141, 231) (117, 275)
(141, 231) (120, 276)
(141, 231) (141, 181)
(141, 231) (105, 195)
(141, 231) (141, 281)
(141, 231) (91, 239)
(141, 231) (93, 246)
(141, 231) (106, 267)
(141, 231) (91, 231)
(141, 231) (91, 237)
(141, 231) (105, 266)
(141, 231) (94, 212)
(141, 231) (96, 208)
(141, 231) (105, 266)
(141, 231) (91, 227)
(141, 231) (91, 224)
(141, 231) (93, 247)
(67, 136) (53, 184)
(67, 136) (57, 185)
(67, 136) (56, 184)
(67, 136) (31, 100)
(67, 136) (17, 136)
(67, 136) (17, 136)
(67, 136) (53, 184)
(67, 136) (54, 184)
(67, 136) (37, 176)
(67, 136) (75, 185)
(67, 136) (72, 185)
(67, 136) (81, 183)
(67, 136) (84, 182)
(67, 136) (82, 183)
(67, 136) (73, 185)
(67, 136) (86, 181)
(67, 136) (67, 186)
(67, 136) (67, 186)
(61, 233) (83, 188)
(61, 233) (25, 197)
(61, 233) (25, 197)
(61, 233) (13, 248)
(61, 233) (61, 283)
(61, 233) (96, 197)
(61, 233) (25, 197)
(61, 233) (61, 183)
(61, 233) (83, 277)
(61, 233) (61, 183)
(61, 233) (11, 233)
(61, 233) (96, 268)
(61, 233) (11, 233)
(61, 233) (111, 233)
(61, 233) (61, 233)
(61, 233) (61, 183)
(61, 233) (111, 233)
(61, 233) (83, 188)
[22.87093687732526, 29.595630018668952, 29.655389291704868, 29.683328836966368, 29.94117697368976]
29.94117697368976
5
Imagen  8
First valPSNR [17.412128716304693, 25.273035337722995, 25.712065120418714, 25.843471478860177, 25.90437500702801]
valMax 25.90437500702801 pos 5
[17.412128716304693, 25.273035337722995, 25.712065120418714, 25.843471478860177, 25.90437500702801]
25.90437500702801
5
[22.11422626534204, 27.17609540135243, 28.121272756183814, 28.191394621086864, 28.42320500636167]
28.42320500636167
5
[18.496062246409153, 25.202850378522403, 25.692022094053407, 26.00573725715318, 25.83039326602329]
26.00573725715318
4
shape 20 32 3
shape 254 382 3
shape 254 382 3
shape 254 382 3
shape 254 382 3
shape 254 382 3
shape 254 382 3
[(193, 308), (35, 87), (129, 379)]
(193, 308) (200, 357)
(193, 308) (199, 357)
(193, 308) (198, 357)
(193, 308) (193, 258)
(193, 308) (196, 258)
(193, 308) (185, 258)
(193, 308) (207, 355)
(193, 308) (203, 356)
(193, 308) (207, 355)
(193, 308) (195, 357)
(193, 308) (194, 357)
(193, 308) (193, 357)
(193, 308) (194, 357)
(193, 308) (194, 357)
(193, 308) (193, 358)
(193, 308) (196, 357)
(193, 308) (193, 358)
(193, 308) (194, 357)
(35, 87) (-14, 100)
(35, 87) (-10, 109)
(35, 87) (-13, 102)
(35, 87) (70, 51)
(35, 87) (-15, 87)
(35, 87) (-15, 87)
(35, 87) (35, 37)
(35, 87) (62, 45)
(35, 87) (79, 64)
(35, 87) (84, 94)
(35, 87) (57, 42)
(35, 87) (85, 87)
(35, 87) (65, 47)
(35, 87) (70, 51)
(35, 87) (62, 45)
(35, 87) (57, 42)
(35, 87) (35, 37)
(35, 87) (65, 47)
(129, 379) (147, 332)
(129, 379) (145, 331)
(129, 379) (143, 331)
(129, 379) (178, 374)
(129, 379) (178, 383)
(129, 379) (178, 373)
(129, 379) (162, 415)
(129, 379) (166, 412)
(129, 379) (146, 425)
(129, 379) (79, 371)
(129, 379) (79, 376)
(129, 379) (79, 369)
(129, 379) (79, 385)
(129, 379) (79, 383)
(129, 379) (79, 386)
(129, 379) (79, 383)
(129, 379) (79, 383)
(129, 379) (82, 398)
[17.412128716304693, 25.273035337722995, 25.712065120418714, 25.843471478860177, 25.90437500702801]
25.90437500702801
5
Imagen  9
First valPSNR [24.027403193264018, 30.69710911490402, 31.42867032604427, 31.476411720176294, 31.488710294394657]
valMax 31.488710294394657 pos 5
[24.027403193264018, 30.69710911490402, 31.42867032604427, 31.476411720176294, 31.488710294394657]
31.488710294394657
5
[42.89737377721985, 41.35044263367534, 42.25283388425824, 42.22442735063642, 41.25522787490456]
42.89737377721985
1
[31.70242406123367, 39.086300961069284, 39.66371238050759, 39.4643629566219, 39.305827188876194]
39.66371238050759
3
shape 20 32 3
shape 382 254 3
shape 382 254 3
shape 382 254 3
shape 382 254 3
shape 382 254 3
shape 382 254 3
[(329, 114), (333, 232), (50, 138)]
(329, 114) (337, 163)
(329, 114) (339, 162)
(329, 114) (344, 161)
(329, 114) (372, 138)
(329, 114) (371, 139)
(329, 114) (375, 132)
(329, 114) (286, 139)
(329, 114) (301, 155)
(329, 114) (284, 136)
(329, 114) (329, 164)
(329, 114) (334, 163)
(329, 114) (336, 163)
(329, 114) (335, 163)
(329, 114) (346, 160)
(329, 114) (344, 161)
(329, 114) (329, 164)
(329, 114) (335, 163)
(329, 114) (347, 160)
(333, 232) (363, 271)
(333, 232) (355, 276)
(333, 232) (358, 275)
(333, 232) (305, 273)
(333, 232) (377, 254)
(333, 232) (285, 216)
(333, 232) (314, 278)
(333, 232) (318, 279)
(333, 232) (323, 281)
(333, 232) (312, 277)
(333, 232) (316, 279)
(333, 232) (319, 280)
(333, 232) (299, 269)
(333, 232) (315, 278)
(333, 232) (306, 274)
(333, 232) (313, 277)
(333, 232) (325, 281)
(333, 232) (326, 281)
(50, 138) (100, 138)
(50, 138) (50, 88)
(50, 138) (100, 138)
(50, 138) (14, 102)
(50, 138) (96, 156)
(50, 138) (50, 138)
(50, 138) (65, 90)
(50, 138) (50, 88)
(50, 138) (50, 88)
(50, 138) (27, 93)
(50, 138) (14, 102)
(50, 138) (10, 108)
(50, 138) (50, 138)
(50, 138) (100, 138)
(50, 138) (0, 138)
(50, 138) (72, 93)
(50, 138) (100, 138)
(50, 138) (14, 102)
[24.027403193264018, 30.69710911490402, 31.42867032604427, 31.476411720176294, 31.488710294394657]
31.488710294394657
5
Imagen  10
First valPSNR [24.795919846817547, 30.174143390487455, 30.89232596713787, 30.99366287124369, 30.89769993478101]
valMax 30.99366287124369 pos 4
[24.795919846817547, 30.174143390487455, 30.89232596713787, 30.99366287124369, 30.89769993478101]
30.99366287124369
4
[23.330759813072703, 30.248949689906894, 31.34488144231826, 31.372146510305775, 31.045890209059156]
31.372146510305775
4
[29.39135745302933, 37.41714289950102, 38.494861218101676, 38.99503196360129, 38.22908255951732]
38.99503196360129
4
shape 20 32 3
shape 382 254 3
shape 382 254 3
shape 382 254 3
shape 382 254 3
shape 382 254 3
shape 382 254 3
[(165, 173), (318, 44), (0, 136)]
(165, 173) (152, 124)
(165, 173) (137, 131)
(165, 173) (137, 131)
(165, 173) (180, 220)
(165, 173) (200, 137)
(165, 173) (165, 123)
(165, 173) (115, 182)
(165, 173) (133, 212)
(165, 173) (172, 222)
(165, 173) (200, 208)
(165, 173) (206, 200)
(165, 173) (211, 191)
(165, 173) (200, 208)
(165, 173) (195, 213)
(165, 173) (204, 204)
(165, 173) (165, 223)
(165, 173) (215, 173)
(165, 173) (200, 137)
(318, 44) (269, 55)
(318, 44) (270, 58)
(318, 44) (269, 55)
(318, 44) (362, 66)
(318, 44) (282, 8)
(318, 44) (318, -6)
(318, 44) (292, 86)
(318, 44) (276, 71)
(318, 44) (279, 76)
(318, 44) (290, 85)
(318, 44) (295, 88)
(318, 44) (310, 93)
(318, 44) (282, 79)
(318, 44) (282, 79)
(318, 44) (295, 88)
(318, 44) (328, 92)
(318, 44) (318, 94)
(318, 44) (322, 93)
(0, 136) (0, 186)
(0, 136) (0, 186)
(0, 136) (0, 186)
(0, 136) (22, 180)
(0, 136) (-10, 185)
(0, 136) (-36, 171)
(0, 136) (-26, 178)
(0, 136) (-13, 184)
(0, 136) (-40, 166)
(0, 136) (-42, 163)
(0, 136) (-23, 180)
(0, 136) (27, 177)
(0, 136) (-9, 185)
(0, 136) (-10, 185)
(0, 136) (0, 186)
(0, 136) (0, 186)
(0, 136) (-36, 171)
(0, 136) (-10, 185)
[24.795919846817547, 30.174143390487455, 30.89232596713787, 30.99366287124369, 30.89769993478101]
30.99366287124369
4
Imagen  11
First valPSNR [23.342081807986453, 28.41021160046223, 29.092864597419755, 29.154686298763902, 29.08839131054144]
valMax 29.154686298763902 pos 4
[23.342081807986453, 28.41021160046223, 29.092864597419755, 29.154686298763902, 29.08839131054144]
29.154686298763902
4
[23.270624071411472, 31.68604031351886, 31.456523810656776, 31.876019227127085, 31.820537081458507]
31.876019227127085
4
[23.945823887945558, 29.247296350533883, 29.767148098678973, 29.82887929504244, 29.62946402336046]
29.82887929504244
4
shape 20 32 3
shape 254 382 3
shape 254 382 3
shape 254 382 3
shape 254 382 3
shape 254 382 3
shape 254 382 3
[(192, 233), (18, 356), (228, 119)]
(192, 233) (196, 282)
(192, 233) (156, 268)
(192, 233) (214, 188)
(192, 233) (192, 183)
(192, 233) (199, 183)
(192, 233) (210, 186)
(192, 233) (192, 183)
(192, 233) (192, 183)
(192, 233) (179, 184)
(192, 233) (227, 268)
(192, 233) (214, 188)
(192, 233) (201, 183)
(192, 233) (233, 260)
(192, 233) (227, 197)
(192, 233) (242, 233)
(192, 233) (222, 273)
(192, 233) (214, 188)
(192, 233) (242, 233)
(18, 356) (18, 356)
(18, 356) (40, 400)
(18, 356) (53, 391)
(18, 356) (-32, 356)
(18, 356) (-27, 333)
(18, 356) (-5, 311)
(18, 356) (-18, 391)
(18, 356) (-22, 386)
(18, 356) (5, 404)
(18, 356) (-32, 356)
(18, 356) (-32, 356)
(18, 356) (-31, 343)
(18, 356) (-32, 356)
(18, 356) (-32, 356)
(18, 356) (-18, 320)
(18, 356) (-27, 333)
(18, 356) (18, 356)
(18, 356) (-24, 328)
(228, 119) (233, 168)
(228, 119) (232, 168)
(228, 119) (228, 169)
(228, 119) (228, 169)
(228, 119) (178, 119)
(228, 119) (263, 154)
(228, 119) (200, 160)
(228, 119) (178, 119)
(228, 119) (212, 166)
(228, 119) (192, 83)
(228, 119) (200, 77)
(228, 119) (212, 71)
(228, 119) (179, 106)
(228, 119) (186, 91)
(228, 119) (189, 86)
(228, 119) (196, 79)
(228, 119) (192, 83)
(228, 119) (195, 81)
[23.342081807986453, 28.41021160046223, 29.092864597419755, 29.154686298763902, 29.08839131054144]
29.154686298763902
4
Imagen  12
First valPSNR [24.979569449711512, 31.976060739339122, 32.82384285542304, 32.93844097514325, 32.81416409065288]
valMax 32.93844097514325 pos 4
[24.979569449711512, 31.976060739339122, 32.82384285542304, 32.93844097514325, 32.81416409065288]
32.93844097514325
4
[31.281214517011655, 37.19059752001854, 37.92961435005853, 38.10225434387193, 38.178089314106884]
38.178089314106884
5
[33.1794617250386, 34.16512713727917, 35.1130243252518, 35.34543244570359, 34.90895288149052]
35.34543244570359
4
shape 20 32 3
shape 254 382 3
shape 254 382 3
shape 254 382 3
shape 254 382 3
shape 254 382 3
shape 254 382 3
[(184, 129), (205, 297), (119, 326)]
(184, 129) (219, 164)
(184, 129) (189, 79)
(184, 129) (199, 176)
(184, 129) (199, 176)
(184, 129) (161, 84)
(184, 129) (221, 161)
(184, 129) (197, 177)
(184, 129) (206, 173)
(184, 129) (196, 177)
(184, 129) (199, 176)
(184, 129) (216, 90)
(184, 129) (197, 177)
(184, 129) (191, 178)
(184, 129) (225, 101)
(184, 129) (187, 178)
(184, 129) (190, 178)
(184, 129) (219, 93)
(184, 129) (181, 178)
(205, 297) (205, 247)
(205, 297) (205, 347)
(205, 297) (205, 297)
(205, 297) (155, 287)
(205, 297) (163, 269)
(205, 297) (169, 261)
(205, 297) (169, 261)
(205, 297) (189, 249)
(205, 297) (220, 249)
(205, 297) (227, 252)
(205, 297) (220, 249)
(205, 297) (220, 249)
(205, 297) (182, 252)
(205, 297) (205, 247)
(205, 297) (205, 247)
(205, 297) (227, 252)
(205, 297) (205, 247)
(205, 297) (227, 252)
(119, 326) (83, 290)
(119, 326) (74, 303)
(119, 326) (119, 276)
(119, 326) (141, 281)
(119, 326) (69, 316)
(119, 326) (79, 296)
(119, 326) (169, 326)
(119, 326) (131, 277)
(119, 326) (96, 281)
(119, 326) (119, 276)
(119, 326) (119, 276)
(119, 326) (119, 276)
(119, 326) (91, 284)
(119, 326) (96, 281)
(119, 326) (91, 284)
(119, 326) (119, 276)
(119, 326) (96, 281)
(119, 326) (119, 276)
[24.979569449711512, 31.976060739339122, 32.82384285542304, 32.93844097514325, 32.81416409065288]
32.93844097514325
4
Imagen  13
First valPSNR [20.094327720562948, 23.721501877113, 24.31431165630345, 24.290350769238138, 24.382415790652207]
valMax 24.382415790652207 pos 5
[20.094327720562948, 23.721501877113, 24.31431165630345, 24.290350769238138, 24.382415790652207]
24.382415790652207
5
[26.627960494417064, 29.006186418395494, 29.829058333526916, 30.195725931389255, 29.80528758524855]
30.195725931389255
4
[18.598435944431053, 21.93809999055487, 22.522979388003254, 22.39251741968878, 22.534703533658003]
22.534703533658003
5
shape 20 32 3
shape 254 382 3
shape 254 382 3
shape 254 382 3
shape 254 382 3
shape 254 382 3
shape 254 382 3
[(139, 50), (69, 92), (119, 227)]
(139, 50) (170, 11)
(139, 50) (170, 11)
(139, 50) (170, 11)
(139, 50) (95, 25)
(139, 50) (103, 14)
(139, 50) (92, 32)
(139, 50) (133, 0)
(139, 50) (134, 0)
(139, 50) (141, 0)
(139, 50) (123, 2)
(139, 50) (161, 5)
(139, 50) (139, 0)
(139, 50) (126, 1)
(139, 50) (125, 1)
(139, 50) (139, 0)
(139, 50) (168, 9)
(139, 50) (171, 12)
(139, 50) (150, 1)
(69, 92) (19, 84)
(69, 92) (20, 79)
(69, 92) (19, 87)
(69, 92) (104, 127)
(69, 92) (33, 56)
(69, 92) (33, 56)
(69, 92) (46, 136)
(69, 92) (20, 78)
(69, 92) (24, 114)
(69, 92) (104, 127)
(69, 92) (108, 60)
(69, 92) (19, 92)
(69, 92) (46, 47)
(69, 92) (104, 56)
(69, 92) (56, 43)
(69, 92) (20, 79)
(69, 92) (96, 50)
(69, 92) (33, 56)
(119, 227) (158, 258)
(119, 227) (147, 268)
(119, 227) (150, 266)
(119, 227) (134, 274)
(119, 227) (96, 182)
(119, 227) (110, 177)
(119, 227) (89, 267)
(119, 227) (69, 236)
(119, 227) (69, 227)
(119, 227) (103, 274)
(119, 227) (93, 269)
(119, 227) (119, 277)
(119, 227) (119, 277)
(119, 227) (69, 227)
(119, 227) (91, 268)
(119, 227) (134, 274)
(119, 227) (119, 277)
(119, 227) (131, 275)
[20.094327720562948, 23.721501877113, 24.31431165630345, 24.290350769238138, 24.382415790652207]
24.382415790652207
5
Imagen  14
First valPSNR [22.18049034282583, 26.621520066752858, 27.258361187623805, 27.23990410946708, 27.374639194568438]
valMax 27.374639194568438 pos 5
[22.18049034282583, 26.621520066752858, 27.258361187623805, 27.23990410946708, 27.374639194568438]
27.374639194568438
5
[28.120075629241, 29.752731246998817, 30.45712814836664, 30.87899832363266, 30.66623779542205]
30.87899832363266
4
[19.747100446631887, 25.29546719590566, 25.745535882991145, 25.7094850765939, 25.92631608487246]
25.92631608487246
5
shape 20 32 3
shape 254 382 3
shape 254 382 3
shape 254 382 3
shape 254 382 3
shape 254 382 3
shape 254 382 3
[(106, 338), (202, 142), (51, 366)]
(106, 338) (141, 302)
(106, 338) (140, 301)
(106, 338) (146, 308)
(106, 338) (106, 288)
(106, 338) (64, 310)
(106, 338) (83, 293)
(106, 338) (131, 294)
(106, 338) (130, 294)
(106, 338) (128, 293)
(106, 338) (141, 302)
(106, 338) (142, 304)
(106, 338) (143, 304)
(106, 338) (139, 300)
(106, 338) (146, 308)
(106, 338) (143, 304)
(106, 338) (138, 299)
(106, 338) (138, 299)
(106, 338) (133, 296)
(202, 142) (250, 154)
(202, 142) (251, 146)
(202, 142) (251, 147)
(202, 142) (252, 142)
(202, 142) (237, 106)
(202, 142) (246, 119)
(202, 142) (248, 123)
(202, 142) (252, 142)
(202, 142) (244, 116)
(202, 142) (251, 151)
(202, 142) (251, 150)
(202, 142) (245, 166)
(202, 142) (250, 155)
(202, 142) (251, 151)
(202, 142) (248, 159)
(202, 142) (250, 154)
(202, 142) (251, 146)
(202, 142) (251, 146)
(51, 366) (51, 316)
(51, 366) (28, 321)
(51, 366) (1, 366)
(51, 366) (100, 375)
(51, 366) (51, 316)
(51, 366) (51, 316)
(51, 366) (35, 318)
(51, 366) (32, 319)
(51, 366) (28, 321)
(51, 366) (1, 366)
(51, 366) (6, 343)
(51, 366) (15, 330)
(51, 366) (41, 316)
(51, 366) (41, 316)
(51, 366) (63, 317)
(51, 366) (11, 334)
(51, 366) (21, 326)
(51, 366) (23, 324)
[22.18049034282583, 26.621520066752858, 27.258361187623805, 27.23990410946708, 27.374639194568438]
27.374639194568438
5
Imagen  15
First valPSNR [23.198708975279793, 31.071396209477335, 31.633054634214062, 31.64067723486258, 31.650507404104168]
valMax 31.650507404104168 pos 5
[23.198708975279793, 31.071396209477335, 31.633054634214062, 31.64067723486258, 31.650507404104168]
31.650507404104168
5
[28.34613806257822, 31.51042574304476, 32.35256911925676, 32.34515712013232, 32.28157843617979]
32.35256911925676
3
[43.74248822203701, 44.90534191694485, 45.079575281385445, 44.745879736741365, 44.54390414265511]
45.079575281385445
3
shape 20 32 3
shape 254 382 3
shape 254 382 3
shape 254 382 3
shape 254 382 3
shape 254 382 3
shape 254 382 3
[(125, 307), (228, 243), (73, 362)]
(125, 307) (89, 271)
(125, 307) (125, 257)
(125, 307) (75, 307)
(125, 307) (112, 258)
(125, 307) (76, 294)
(125, 307) (78, 288)
(125, 307) (160, 271)
(125, 307) (109, 259)
(125, 307) (109, 259)
(125, 307) (89, 271)
(125, 307) (80, 284)
(125, 307) (77, 291)
(125, 307) (75, 307)
(125, 307) (75, 307)
(125, 307) (125, 257)
(125, 307) (125, 257)
(125, 307) (125, 257)
(125, 307) (160, 271)
(228, 243) (188, 213)
(228, 243) (186, 215)
(228, 243) (184, 218)
(228, 243) (218, 292)
(228, 243) (219, 292)
(228, 243) (178, 243)
(228, 243) (236, 193)
(228, 243) (198, 203)
(228, 243) (192, 207)
(228, 243) (192, 207)
(228, 243) (183, 220)
(228, 243) (200, 201)
(228, 243) (180, 227)
(228, 243) (178, 243)
(228, 243) (180, 227)
(228, 243) (183, 220)
(228, 243) (180, 227)
(228, 243) (179, 255)
(73, 362) (37, 397)
(73, 362) (73, 362)
(73, 362) (37, 397)
(73, 362) (37, 326)
(73, 362) (37, 326)
(73, 362) (37, 326)
(73, 362) (108, 397)
(73, 362) (114, 389)
(73, 362) (108, 326)
(73, 362) (73, 412)
(73, 362) (88, 409)
(73, 362) (108, 397)
(73, 362) (73, 362)
(73, 362) (73, 312)
(73, 362) (123, 362)
(73, 362) (73, 412)
(73, 362) (73, 412)
(73, 362) (50, 406)
[23.198708975279793, 31.071396209477335, 31.633054634214062, 31.64067723486258, 31.650507404104168]
31.650507404104168
5
Imagen  16
First valPSNR [26.998001500695764, 30.66576965414512, 31.36711749166768, 31.43530206166764, 31.36498312961652]
valMax 31.43530206166764 pos 4
[26.998001500695764, 30.66576965414512, 31.36711749166768, 31.43530206166764, 31.36498312961652]
31.43530206166764
4
[42.49072923192873, 41.65320943620298, 42.37915164344828, 42.26986702684981, 41.88212077050242]
42.49072923192873
1
[26.0993537061205, 30.188008924704462, 31.048101202998282, 31.101820770975248, 30.91226263126636]
31.101820770975248
4
shape 20 32 3
shape 254 382 3
shape 254 382 3
shape 254 382 3
shape 254 382 3
shape 254 382 3
shape 254 382 3
[(143, 49), (6, 143), (104, 113)]
(143, 49) (147, -1)
(143, 49) (143, -1)
(143, 49) (140, -1)
(143, 49) (143, -1)
(143, 49) (107, 84)
(143, 49) (95, 33)
(143, 49) (158, 1)
(143, 49) (178, 13)
(143, 49) (192, 56)
(143, 49) (173, 89)
(143, 49) (170, 90)
(143, 49) (187, 71)
(143, 49) (143, 49)
(143, 49) (127, 1)
(143, 49) (107, 13)
(143, 49) (120, 93)
(143, 49) (93, 49)
(143, 49) (143, 99)
(6, 143) (-44, 143)
(6, 143) (-44, 143)
(6, 143) (-44, 143)
(6, 143) (-34, 111)
(6, 143) (-44, 143)
(6, 143) (-14, 97)
(6, 143) (-17, 187)
(6, 143) (-30, 178)
(6, 143) (-42, 127)
(6, 143) (21, 190)
(6, 143) (6, 193)
(6, 143) (-17, 187)
(6, 143) (6, 193)
(6, 143) (6, 143)
(6, 143) (-39, 165)
(6, 143) (-30, 178)
(6, 143) (-30, 178)
(6, 143) (-39, 165)
(104, 113) (152, 125)
(104, 113) (150, 130)
(104, 113) (150, 130)
(104, 113) (104, 113)
(104, 113) (126, 68)
(104, 113) (104, 113)
(104, 113) (104, 63)
(104, 113) (119, 65)
(104, 113) (148, 90)
(104, 113) (144, 143)
(104, 113) (149, 133)
(104, 113) (151, 127)
(104, 113) (131, 154)
(104, 113) (148, 135)
(104, 113) (150, 130)
(104, 113) (151, 128)
(104, 113) (150, 131)
(104, 113) (151, 128)
[26.998001500695764, 30.66576965414512, 31.36711749166768, 31.43530206166764, 31.36498312961652]
31.43530206166764
4
Imagen  17
First valPSNR [24.339871742215603, 29.129840571654256, 29.712759107004196, 29.723927438700912, 29.705519580633197]
valMax 29.723927438700912 pos 4
[24.339871742215603, 29.129840571654256, 29.712759107004196, 29.723927438700912, 29.705519580633197]
29.723927438700912
4
[19.874199803576133, 24.593865946655967, 24.6247134086553, 24.74694895407174, 24.75759933696981]
24.75759933696981
5
[26.98212981316296, 32.20891146511134, 33.11236675283982, 33.067019598362805, 33.283605397486774]
33.283605397486774
5
shape 20 32 3
shape 382 254 3
shape 382 254 3
shape 382 254 3
shape 382 254 3
shape 382 254 3
shape 382 254 3
[(147, 227), (95, 239), (294, 208)]
(147, 227) (193, 244)
(147, 227) (197, 227)
(147, 227) (197, 227)
(147, 227) (124, 182)
(147, 227) (197, 227)
(147, 227) (97, 227)
(147, 227) (191, 204)
(147, 227) (169, 182)
(147, 227) (182, 191)
(147, 227) (169, 182)
(147, 227) (194, 211)
(147, 227) (197, 227)
(147, 227) (197, 227)
(147, 227) (196, 236)
(147, 227) (197, 227)
(147, 227) (195, 239)
(147, 227) (195, 214)
(147, 227) (194, 211)
(95, 239) (145, 239)
(95, 239) (145, 239)
(95, 239) (145, 239)
(95, 239) (59, 274)
(95, 239) (130, 274)
(95, 239) (136, 266)
(95, 239) (59, 274)
(95, 239) (59, 274)
(95, 239) (45, 239)
(95, 239) (95, 289)
(95, 239) (95, 289)
(95, 239) (95, 289)
(95, 239) (95, 289)
(95, 239) (95, 289)
(95, 239) (117, 283)
(95, 239) (95, 289)
(95, 239) (95, 289)
(95, 239) (95, 289)
(294, 208) (316, 163)
(294, 208) (249, 185)
(294, 208) (244, 208)
(294, 208) (244, 208)
(294, 208) (294, 208)
(294, 208) (294, 158)
(294, 208) (335, 180)
(294, 208) (306, 159)
(294, 208) (334, 178)
(294, 208) (294, 158)
(294, 208) (258, 172)
(294, 208) (294, 158)
(294, 208) (271, 163)
(294, 208) (294, 158)
(294, 208) (278, 160)
(294, 208) (329, 172)
(294, 208) (294, 158)
(294, 208) (294, 158)
[24.339871742215603, 29.129840571654256, 29.712759107004196, 29.723927438700912, 29.705519580633197]
29.723927438700912
4
Imagen  18
First valPSNR [22.261502913832622, 26.209538466324812, 26.9128089571445, 26.88944640693686, 26.946868032166144]
valMax 26.946868032166144 pos 5
[22.261502913832622, 26.209538466324812, 26.9128089571445, 26.88944640693686, 26.946868032166144]
26.946868032166144
5
[25.70834873098732, 28.416254870045066, 28.90935204318715, 29.01599916594091, 28.779387667985144]
29.01599916594091
4
[18.264321207908047, 22.353312429396915, 23.003453022411247, 22.89837181552304, 23.096187070087137]
23.096187070087137
5
shape 20 32 3
shape 382 254 3
shape 382 254 3
shape 382 254 3
shape 382 254 3
shape 382 254 3
shape 382 254 3
[(220, 227), (82, 85), (12, 129)]
(220, 227) (194, 184)
(220, 227) (208, 178)
(220, 227) (220, 177)
(220, 227) (267, 211)
(220, 227) (266, 209)
(220, 227) (267, 211)
(220, 227) (210, 177)
(220, 227) (224, 177)
(220, 227) (226, 177)
(220, 227) (205, 179)
(220, 227) (211, 177)
(220, 227) (206, 178)
(220, 227) (214, 177)
(220, 227) (220, 177)
(220, 227) (218, 177)
(220, 227) (211, 177)
(220, 227) (218, 177)
(220, 227) (217, 177)
(82, 85) (35, 67)
(82, 85) (33, 72)
(82, 85) (34, 69)
(82, 85) (69, 133)
(82, 85) (100, 131)
(82, 85) (120, 117)
(82, 85) (72, 134)
(82, 85) (65, 132)
(82, 85) (72, 134)
(82, 85) (42, 115)
(82, 85) (38, 110)
(82, 85) (40, 112)
(82, 85) (48, 122)
(82, 85) (50, 123)
(82, 85) (48, 122)
(82, 85) (42, 115)
(82, 85) (35, 102)
(82, 85) (33, 97)
(12, 129) (-21, 90)
(12, 129) (-26, 95)
(12, 129) (-27, 96)
(12, 129) (12, 179)
(12, 129) (60, 141)
(12, 129) (59, 113)
(12, 129) (-24, 164)
(12, 129) (-11, 173)
(12, 129) (-33, 151)
(12, 129) (-37, 116)
(12, 129) (-33, 151)
(12, 129) (-30, 101)
(12, 129) (12, 179)
(12, 129) (24, 177)
(12, 129) (12, 179)
(12, 129) (-36, 113)
(12, 129) (-38, 138)
(12, 129) (-38, 129)
[22.261502913832622, 26.209538466324812, 26.9128089571445, 26.88944640693686, 26.946868032166144]
26.946868032166144
5
Imagen  19
First valPSNR [21.854736164686656, 28.700470243983784, 29.30647637115634, 29.52996634089186, 29.527879166258288]
valMax 29.52996634089186 pos 4
[21.854736164686656, 28.700470243983784, 29.30647637115634, 29.52996634089186, 29.527879166258288]
29.52996634089186
4
[36.605849007279595, 36.68961443896412, 38.54728588535364, 38.53537341168835, 38.735789050153436]
38.735789050153436
5
[29.013074261841766, 35.719445785091075, 36.42617452981478, 36.973808321380645, 36.91785973933324]
36.973808321380645
4
shape 20 32 3
shape 382 254 3
shape 382 254 3
shape 382 254 3
shape 382 254 3
shape 382 254 3
shape 382 254 3
[(135, 192), (198, 47), (326, 135)]
(135, 192) (112, 236)
(135, 192) (157, 236)
(135, 192) (135, 242)
(135, 192) (135, 142)
(135, 192) (185, 192)
(135, 192) (99, 156)
(135, 192) (181, 210)
(135, 192) (99, 156)
(135, 192) (170, 156)
(135, 192) (107, 150)
(135, 192) (119, 144)
(135, 192) (157, 147)
(135, 192) (135, 142)
(135, 192) (90, 169)
(135, 192) (135, 142)
(135, 192) (170, 156)
(135, 192) (90, 214)
(135, 192) (99, 156)
(198, 47) (197, 96)
(198, 47) (198, 97)
(198, 47) (196, 96)
(198, 47) (242, 24)
(198, 47) (156, 19)
(198, 47) (220, 2)
(198, 47) (220, 2)
(198, 47) (233, 11)
(198, 47) (233, 11)
(198, 47) (199, 96)
(198, 47) (199, 96)
(198, 47) (196, 96)
(198, 47) (198, 97)
(198, 47) (199, 96)
(198, 47) (198, 97)
(198, 47) (191, 96)
(198, 47) (196, 96)
(198, 47) (196, 96)
(326, 135) (374, 147)
(326, 135) (361, 170)
(326, 135) (368, 160)
(326, 135) (303, 90)
(326, 135) (376, 135)
(326, 135) (296, 95)
(326, 135) (290, 170)
(326, 135) (361, 170)
(326, 135) (298, 176)
(326, 135) (290, 170)
(326, 135) (326, 185)
(326, 135) (310, 182)
(326, 135) (276, 135)
(326, 135) (370, 112)
(326, 135) (276, 135)
(326, 135) (290, 99)
(326, 135) (290, 99)
(326, 135) (278, 119)
[21.854736164686656, 28.700470243983784, 29.30647637115634, 29.52996634089186, 29.527879166258288]
29.52996634089186
4
Imagen  20
First valPSNR [22.83891915795682, 30.35303318144861, 31.13189441554415, 31.178918592339183, 31.12002529601763]
valMax 31.178918592339183 pos 4
[22.83891915795682, 30.35303318144861, 31.13189441554415, 31.178918592339183, 31.12002529601763]
31.178918592339183
4
[19.78140282984931, 34.4167497147234, 35.96829758134984, 35.86691845966535, 35.53464339829151]
35.96829758134984
3
[19.005630054229435, 29.436733341434625, 30.936837068811474, 30.769300660070833, 30.465521319953606]
30.936837068811474
3
shape 20 32 3
shape 254 382 3
shape 254 382 3
shape 254 382 3
shape 254 382 3
shape 254 382 3
shape 254 382 3
[(57, 239), (119, 43), (104, 154)]
(57, 239) (7, 239)
(57, 239) (57, 239)
(57, 239) (57, 239)
(57, 239) (79, 283)
(57, 239) (57, 239)
(57, 239) (57, 289)
(57, 239) (29, 197)
(57, 239) (57, 239)
(57, 239) (57, 239)
(57, 239) (34, 194)
(57, 239) (57, 239)
(57, 239) (57, 239)
(57, 239) (21, 203)
(57, 239) (57, 189)
(57, 239) (57, 239)
(57, 239) (34, 194)
(57, 239) (57, 189)
(57, 239) (57, 189)
(119, 43) (168, 47)
(119, 43) (168, 49)
(119, 43) (168, 44)
(119, 43) (157, 11)
(119, 43) (153, 6)
(119, 43) (145, 0)
(119, 43) (168, 35)
(119, 43) (168, 41)
(119, 43) (168, 38)
(119, 43) (168, 38)
(119, 43) (168, 33)
(119, 43) (168, 36)
(119, 43) (168, 36)
(119, 43) (168, 36)
(119, 43) (168, 34)
(119, 43) (168, 37)
(119, 43) (168, 37)
(119, 43) (168, 38)
(104, 154) (104, 154)
(104, 154) (104, 154)
(104, 154) (104, 154)
(104, 154) (131, 195)
(104, 154) (54, 154)
(104, 154) (148, 176)
(104, 154) (104, 204)
(104, 154) (104, 204)
(104, 154) (104, 204)
(104, 154) (119, 201)
(104, 154) (104, 204)
(104, 154) (104, 154)
(104, 154) (126, 198)
(104, 154) (104, 204)
(104, 154) (104, 204)
(104, 154) (104, 204)
(104, 154) (104, 154)
(104, 154) (104, 204)
[22.83891915795682, 30.35303318144861, 31.13189441554415, 31.178918592339183, 31.12002529601763]
31.178918592339183
4
Imagen  21
First valPSNR [22.361494551841265, 27.43092102588644, 28.203672896458258, 28.257891618578775, 28.24296241615505]
valMax 28.257891618578775 pos 4
[22.361494551841265, 27.43092102588644, 28.203672896458258, 28.257891618578775, 28.24296241615505]
28.257891618578775
4
[42.1082687678473, 38.8055324144935, 41.06551212397502, 41.44903812396747, 40.051981922644906]
42.1082687678473
1
[19.066995028656116, 24.962866624291937, 25.78914486522704, 25.898872136769235, 25.869522191079714]
25.898872136769235
4
shape 20 32 3
shape 254 382 3
shape 254 382 3
shape 254 382 3
shape 254 382 3
shape 254 382 3
shape 254 382 3
[(44, 175), (193, 159), (80, 352)]
(44, 175) (44, 225)
(44, 175) (44, 225)
(44, 175) (44, 225)
(44, 175) (94, 175)
(44, 175) (93, 170)
(44, 175) (94, 175)
(44, 175) (27, 127)
(44, 175) (37, 125)
(44, 175) (32, 126)
(44, 175) (30, 126)
(44, 175) (71, 133)
(44, 175) (69, 132)
(44, 175) (40, 125)
(44, 175) (39, 125)
(44, 175) (64, 129)
(44, 175) (32, 126)
(44, 175) (24, 128)
(44, 175) (8, 139)
(193, 159) (175, 205)
(193, 159) (172, 204)
(193, 159) (172, 204)
(193, 159) (242, 150)
(193, 159) (174, 112)
(193, 159) (177, 111)
(193, 159) (221, 200)
(193, 159) (223, 199)
(193, 159) (225, 196)
(193, 159) (223, 199)
(193, 159) (218, 201)
(193, 159) (219, 201)
(193, 159) (225, 197)
(193, 159) (215, 203)
(193, 159) (218, 202)
(193, 159) (224, 197)
(193, 159) (219, 201)
(193, 159) (220, 200)
(80, 352) (30, 352)
(80, 352) (80, 402)
(80, 352) (80, 402)
(80, 352) (30, 352)
(80, 352) (61, 305)
(80, 352) (57, 307)
(80, 352) (80, 402)
(80, 352) (80, 302)
(80, 352) (80, 302)
(80, 352) (80, 302)
(80, 352) (44, 316)
(80, 352) (44, 316)
(80, 352) (130, 352)
(80, 352) (80, 302)
(80, 352) (115, 316)
(80, 352) (80, 352)
(80, 352) (124, 329)
(80, 352) (107, 310)
[22.361494551841265, 27.43092102588644, 28.203672896458258, 28.257891618578775, 28.24296241615505]
28.257891618578775
4
Imagen  22
First valPSNR [24.180844116304247, 28.861940784531185, 29.588286962792544, 29.64821252879217, 29.581575115799566]
valMax 29.64821252879217 pos 4
[24.180844116304247, 28.861940784531185, 29.588286962792544, 29.64821252879217, 29.581575115799566]
29.64821252879217
4
[21.816533230812695, 25.955424645519813, 26.328542779006717, 26.545082555118114, 26.200525412284797]
26.545082555118114
4
[24.48226461825099, 27.5152967679875, 27.97747890360899, 28.025824662981815, 27.945761618637505]
28.025824662981815
4
shape 20 32 3
shape 254 382 3
shape 254 382 3
shape 254 382 3
shape 254 382 3
shape 254 382 3
shape 254 382 3
[(16, 351), (133, 249), (174, 341)]
(16, 351) (55, 382)
(16, 351) (51, 386)
(16, 351) (38, 395)
(16, 351) (51, 386)
(16, 351) (51, 315)
(16, 351) (64, 363)
(16, 351) (28, 302)
(16, 351) (51, 315)
(16, 351) (16, 351)
(16, 351) (41, 393)
(16, 351) (38, 395)
(16, 351) (51, 386)
(16, 351) (16, 401)
(16, 351) (38, 395)
(16, 351) (38, 395)
(16, 351) (63, 366)
(16, 351) (63, 366)
(16, 351) (66, 351)
(133, 249) (100, 210)
(133, 249) (97, 213)
(133, 249) (108, 205)
(133, 249) (83, 249)
(133, 249) (160, 290)
(133, 249) (168, 213)
(133, 249) (83, 249)
(133, 249) (83, 243)
(133, 249) (86, 266)
(133, 249) (168, 284)
(133, 249) (97, 284)
(133, 249) (145, 297)
(133, 249) (133, 299)
(133, 249) (105, 290)
(133, 249) (133, 299)
(133, 249) (146, 297)
(133, 249) (155, 293)
(133, 249) (129, 298)
(174, 341) (138, 376)
(174, 341) (151, 385)
(174, 341) (124, 341)
(174, 341) (126, 325)
(174, 341) (174, 291)
(174, 341) (209, 376)
(174, 341) (224, 341)
(174, 341) (221, 325)
(174, 341) (224, 341)
(174, 341) (224, 341)
(174, 341) (174, 341)
(174, 341) (174, 291)
(174, 341) (224, 341)
(174, 341) (224, 341)
(174, 341) (174, 391)
(174, 341) (138, 305)
(174, 341) (224, 341)
(174, 341) (224, 341)
[24.180844116304247, 28.861940784531185, 29.588286962792544, 29.64821252879217, 29.581575115799566]
29.64821252879217
4
Imagen  23
First valPSNR [25.575326441125963, 30.800896715492506, 31.4391475490267, 31.38592443118839, 31.49294063623373]
valMax 31.49294063623373 pos 5
[25.575326441125963, 30.800896715492506, 31.4391475490267, 31.38592443118839, 31.49294063623373]
31.49294063623373
5
[33.51390346686665, 37.58295990890578, 37.207932777762345, 36.63153566197485, 36.25152651437673]
37.58295990890578
2
[26.5005056893075, 32.16639957739126, 33.003281381958345, 32.79845987095446, 32.99387605488338]
33.003281381958345
3
shape 20 32 3
shape 254 382 3
shape 254 382 3
shape 254 382 3
shape 254 382 3
shape 254 382 3
shape 254 382 3
[(197, 334), (234, 274), (54, 269)]
(197, 334) (246, 341)
(197, 334) (241, 356)
(197, 334) (238, 361)
(197, 334) (241, 311)
(197, 334) (232, 298)
(197, 334) (239, 359)
(197, 334) (155, 306)
(197, 334) (155, 306)
(197, 334) (147, 334)
(197, 334) (237, 304)
(197, 334) (147, 343)
(197, 334) (148, 346)
(197, 334) (197, 284)
(197, 334) (174, 378)
(197, 334) (169, 375)
(197, 334) (219, 289)
(197, 334) (224, 375)
(197, 334) (197, 384)
(234, 274) (280, 293)
(234, 274) (276, 300)
(234, 274) (282, 284)
(234, 274) (234, 274)
(234, 274) (264, 314)
(234, 274) (278, 251)
(234, 274) (278, 251)
(234, 274) (283, 264)
(234, 274) (282, 260)
(234, 274) (263, 233)
(234, 274) (276, 248)
(234, 274) (271, 241)
(234, 274) (277, 249)
(234, 274) (283, 264)
(234, 274) (274, 244)
(234, 274) (271, 241)
(234, 274) (277, 249)
(234, 274) (273, 242)
(54, 269) (54, 319)
(54, 269) (45, 318)
(54, 269) (54, 219)
(54, 269) (4, 269)
(54, 269) (54, 319)
(54, 269) (51, 219)
(54, 269) (54, 319)
(54, 269) (63, 318)
(54, 269) (54, 219)
(54, 269) (54, 319)
(54, 269) (89, 304)
(54, 269) (54, 219)
(54, 269) (18, 304)
(54, 269) (89, 304)
(54, 269) (51, 219)
(54, 269) (26, 310)
(54, 269) (54, 269)
(54, 269) (51, 219)
[25.575326441125963, 30.800896715492506, 31.4391475490267, 31.38592443118839, 31.49294063623373]
31.49294063623373
5
Imagen  24
First valPSNR [21.28032740046207, 26.104252074209683, 26.69782368846166, 26.715089561916624, 26.72426788999219]
valMax 26.72426788999219 pos 5
[21.28032740046207, 26.104252074209683, 26.69782368846166, 26.715089561916624, 26.72426788999219]
26.72426788999219
5
[36.263344742814084, 35.20936870881147, 36.47700065004631, 36.44406446292181, 36.224990107696684]
36.47700065004631
3
[23.668709921870345, 26.768283532951962, 27.45344133975054, 27.58706846613989, 27.518222087292067]
27.58706846613989
4
shape 20 32 3
shape 254 382 3
shape 254 382 3
shape 254 382 3
shape 254 382 3
shape 254 382 3
shape 254 382 3
[(197, 227), (180, 237), (45, 178)]
(197, 227) (164, 189)
(197, 227) (171, 184)
(197, 227) (167, 186)
(197, 227) (219, 182)
(197, 227) (219, 182)
(197, 227) (197, 177)
(197, 227) (197, 177)
(197, 227) (184, 178)
(197, 227) (201, 177)
(197, 227) (181, 179)
(197, 227) (197, 177)
(197, 227) (184, 178)
(197, 227) (164, 189)
(197, 227) (172, 183)
(197, 227) (179, 180)
(197, 227) (178, 180)
(197, 227) (171, 184)
(197, 227) (171, 184)
(180, 237) (213, 273)
(180, 237) (216, 270)
(180, 237) (217, 270)
(180, 237) (202, 192)
(180, 237) (207, 278)
(180, 237) (164, 189)
(180, 237) (130, 237)
(180, 237) (130, 245)
(180, 237) (131, 247)
(180, 237) (221, 264)
(180, 237) (228, 249)
(180, 237) (230, 237)
(180, 237) (227, 252)
(180, 237) (230, 237)
(180, 237) (215, 201)
(180, 237) (227, 252)
(180, 237) (224, 214)
(180, 237) (215, 272)
(45, 178) (10, 141)
(45, 178) (11, 140)
(45, 178) (9, 142)
(45, 178) (30, 225)
(45, 178) (12, 215)
(45, 178) (32, 226)
(45, 178) (91, 160)
(45, 178) (93, 165)
(45, 178) (94, 187)
(45, 178) (80, 142)
(45, 178) (67, 133)
(45, 178) (95, 178)
(45, 178) (94, 168)
(45, 178) (95, 178)
(45, 178) (95, 178)
(45, 178) (95, 178)
(45, 178) (93, 165)
(45, 178) (95, 178)
[21.28032740046207, 26.104252074209683, 26.69782368846166, 26.715089561916624, 26.72426788999219]
26.72426788999219
5
kodim1  &  0.2247  &  0.9030  &  0.4438  &  0.4101  &  0.3579  &  0.3695  \\
kodim2  &  0.5880  &  1.2758  &  0.7351  &  0.6478  &  0.5989  &  0.6579  \\
kodim3  &  0.3817  &  1.1424  &  0.7378  &  0.5090  &  0.4629  &  0.4374  \\
kodim4  &  0.3933  &  1.0713  &  0.6602  &  0.5350  &  0.4898  &  0.5098  \\
kodim5  &  0.2958  &  0.8165  &  0.4023  &  0.4899  &  0.4356  &  0.4368  \\
kodim6  &  0.2346  &  1.0280  &  0.3591  &  0.3554  &  0.3275  &  0.3053  \\
kodim7  &  0.3795  &  0.9478  &  0.5846  &  0.4980  &  0.4460  &  0.4466  \\
kodim8  &  0.2502  &  0.6909  &  0.3582  &  0.3872  &  0.3366  &  0.3415  \\
kodim9  &  0.4692  &  1.0928  &  0.6699  &  0.4818  &  0.4375  &  0.4191  \\
kodim10  &  0.4188  &  1.0387  &  0.5548  &  0.4810  &  0.3982  &  0.4125  \\
kodim11  &  0.3161  &  1.0097  &  0.5567  &  0.5194  &  0.4406  &  0.4509  \\
kodim12  &  0.3404  &  1.1205  &  0.6412  &  0.4548  &  0.4002  &  0.3994  \\
kodim13  &  0.2011  &  0.8531  &  0.3395  &  0.3954  &  0.3444  &  0.3206  \\
kodim14  &  0.3167  &  1.0015  &  0.4809  &  0.5057  &  0.4612  &  0.4832  \\
kodim15  &  0.3859  &  1.0613  &  0.5969  &  0.4839  &  0.4451  &  0.4318  \\
kodim16  &  0.3048  &  1.0777  &  0.5287  &  0.4240  &  0.3955  &  0.3512  \\
kodim17  &  0.3141  &  0.9111  &  0.3980  &  0.3583  &  0.3181  &  0.2750  \\
kodim18  &  0.3780  &  0.9990  &  0.4324  &  0.4929  &  0.4312  &  0.4558  \\
kodim19  &  0.3602  &  1.0044  &  0.5002  &  0.4110  &  0.3770  &  0.3428  \\
kodim20  &  0.2043  &  0.8717  &  0.3399  &  0.2964  &  0.2887  &  0.2599  \\
kodim21  &  0.4356  &  0.9927  &  0.5055  &  0.4533  &  0.4147  &  0.4350  \\
kodim22  &  0.4530  &  1.0668  &  0.5743  &  0.5356  &  0.5119  &  0.5073  \\
kodim23  &  0.5864  &  1.1556  &  0.7004  &  0.6141  &  0.5923  &  0.6109  \\
kodim24  &  0.2910  &  0.8667  &  0.3804  &  0.4525  &  0.3906  &  0.3725  \\
kodim25  &  0.3552  &  1.0000  &  0.5200  &  0.4664  &  0.4209  &  0.4180  \\
